20 20 14 2 20
.xxxxxxxxx..........
.xxxxxxxxx..........
.xxxxxxxxx..........
.xxxxxxxxx..........
.xxxxxxxx...........
.xxxxxxxx...........
.xxxxxxxx...........
.xxxxxxxx...........
.xxxxxxxx...........
.xxxxxxxx..x........
.xxxxxxxx..x........
.xxxxxxxx..x........
.....x.....x........
..xxxx.....x........
..xxxx.....x........
..xxx......x........
..xxx......x........
..xxx......x........
..xxx......x........
....................
1 20 3
21 39 3
40 47 3
48 60 4
61 65 4
66 84 4
85 86 2
87 104 1
105 112 1
113 115 1
116 120 1
121 132 3
133 149 4
150 165 4
166 180 2
181 184 1
185 197 3
198 200 2
201 204 4
205 207 4
