4
0 0 1 1 0 1 0 0
5
0 0 0 1 1 0 1 1 0 0
7
0 0 0 1 1 2 2 1 2 0 1 1 0 0
6
0 0 30 30 60 0 0 20 60 20 0 0
15
0 0 1 0 0 1 1 1 0 2 1 2 0 3 1 3 0 4 1 4 0 5 1 5 0 6 1 6 0 0
5
0 0 0 1 1 1 1 0 0 0
7
1 1 1 5 2 1 2 5 5 1 3 5 1 1
5
0 0 0 1 299 1 -299 0 0 0
5
0 0 0 1 298 1 -299 -1 0 0
5
0 0 0 1 299 1 -298 -1 0 0
4
2 9 13 14 7 6 2 9
26
12 35 28 15 13 29 98 78 33 21 43 66 45 93 84 9 12 39 18 93 23 95 19 30 89 21 95 12 40 91 5 90 98 28 95 81 71 38 75 32 45 93 23 20 18 82 48 68 38 29 12 35
300
39 53 -21 -77 -13 96 49 29 -34 -63 93 49 -3 95 -14 -84 -12 5 -45 -18 14 34 16 1 86 -29 13 -37 85 55 12 -47 -68 -92 13 45 21 56 -54 58 -19 82 96 44 29 -78 35 61 73 -50 -56 -34 -8 -41 -47 -61 54 -76 45 10 86 -51 -26 13 68 -78 87 -82 58 5 -98 91 -23 -75 14 -86 34 -76 72 -26 -67 59 -13 -30 18 -3 73 77 63 -30 92 -32 2 85 -87 -20 -98 -73 27 -1 43 -75 -77 24 -39 72 -97 81 5 -68 25 93 -8 -69 -78 42 -36 -14 87 0 -87 60 -30 74 -65 70 11 -67 -4 60 -15 -33 40 50 -5 -6 -81 -76 76 25 -42 -6 71 2 -22 -34 -49 93 -82 -16 19 -36 -100 52 -40 -13 -90 26 70 57 76 15 -57 -73 64 58 -18 9 65 -14 77 -13 -75 -26 -71 -73 -77 28 2 20 23 62 37 96 95 -39 -36 25 -98 -40 -70 16 -89 26 -89 71 53 47 90 20 88 24 40 63 -38 -49 0 -71 58 13 65 78 -23 -93 -42 -100 3 -61 57 60 -23 24 13 8 -99 -13 -40 -50 93 -72 -95 84 11 40 -65 4 -28 56 -77 50 56 -15 -74 -84 26 57 37 57 -31 -29 -4 61 -83 -78 17 12 85 -4 -77 -59 -71 29 59 65 -4 32 -47 -45 84 62 -46 34 -43 72 32 69 -93 63 11 -17 -33 -65 -25 -52 -77 38 54 42 41 11 -41 75 -79 -75 -74 -30 -95 34 -50 83 -21 98 93 1 -63 34 56 34 76 93 62 5 -19 48 -87 0 -45 -59 42 -45 -89 -38 -76 -23 52 -22 -4 -57 -60 -27 -25 13 -82 -28 -83 -90 12 32 69 -5 -60 -69 -15 -12 -3 -10 90 89 53 45 -49 14 -56 40 35 -42 92 59 -36 -95 3 81 75 -71 -8 -92 49 97 61 56 -33 -73 29 41 -87 -60 -99 74 -85 -23 -87 -17 -76 92 92 -99 -30 59 -73 -72 -25 -16 -2 86 -13 70 -96 -53 -79 3 6 -37 -90 63 -11 71 64 -60 -81 42 91 13 -82 4 50 -68 75 -95 3 39 -2 -78 84 -53 71 -52 13 -36 45 -25 46 12 69 -22 19 -38 -11 85 -35 44 -55 40 18 8 -99 -30 32 23 52 -28 70 -13 1 63 -77 3 -100 27 -85 69 -72 65 47 43 43 -12 -91 -63 -51 -37 88 -19 -92 42 -79 -40 54 58 46 -12 49 -10 -70 -57 48 -80 36 -33 -65 83 85 -74 -47 -62 -76 -71 23 48 -43 59 44 66 18 55 -89 26 55 -75 49 -99 84 -4 64 15 -25 42 42 13 48 96 -74 -28 73 -94 -96 -71 -74 5 75 -88 65 -7 36 -64 -86 41 -44 94 36 -48 -18 -62 -85 55 -70 31 -75 -59 -63 -89 -10 86 -38 -50 -7 -66 -84 53 -92 -48 -67 -38 3 -46 3 -66 48 -44 17 24 9 -87 -100 -72 18 -20 -50 -42 61 55 3 -36 -57 -24 2 9 -11 61 -18 48 -26 -47 -98 -80 -69 23 -22 69 39 53
300
2 -96 0 -12 89 73 84 20 -96 -26 -35 88 54 83 74 -85 -3 -82 89 9 28 -50 -45 59 22 -52 -93 92 -63 40 -87 58 10 79 90 81 -42 51 -14 -75 -84 -60 4 30 -30 -10 -64 73 37 -94 7 -91 77 18 -68 11 8 15 68 -71 61 -43 -57 -64 68 -86 -81 -75 -4 35 -24 53 85 -1 -64 -75 48 8 9 57 -44 -33 53 59 26 -33 -94 70 10 69 -42 27 -33 22 -92 -36 -63 -14 -97 96 18 -8 23 14 -4 81 66 21 40 17 -12 43 -23 -100 -94 -60 -85 -51 28 6 -10 -59 -7 -78 80 -54 79 -74 -55 -50 19 -55 56 -14 30 -34 23 90 -15 -91 43 26 -54 -42 94 49 71 72 0 -27 26 73 11 8 46 86 38 2 -71 61 13 -26 35 25 -74 -23 14 -73 79 72 -18 78 39 -62 -6 -44 -70 71 12 -25 -79 14 38 -88 33 -75 -51 63 -70 -44 74 -37 99 -29 6 25 -43 86 30 95 -91 -43 96 -7 -11 -47 85 67 -27 -36 -56 40 -34 73 -67 51 16 -76 53 -36 61 -94 -63 -58 -43 60 13 38 27 -72 39 -74 87 17 96 -21 -26 96 -21 -84 79 -21 -21 60 71 45 66 -30 -48 -51 39 39 -83 -92 47 31 9 -87 95 59 33 79 -23 94 23 34 70 7 88 -10 43 -25 0 1 -82 68 -75 -46 -77 4 33 57 -94 6 36 48 43 13 41 75 -51 55 -49 12 -45 93 -44 -30 33 -20 -91 -85 -83 76 25 -32 17 93 -42 -48 -64 75 -53 15 -49 -46 33 72 -98 -6 -28 -63 -41 25 -26 -42 -10 37 -75 65 89 -31 60 -16 50 -38 -64 -41 91 -22 -76 56 42 53 -49 -64 53 74 75 -77 -57 -36 -14 67 68 42 76 13 -95 92 4 -99 -32 55 -84 36 66 -62 -82 -34 -19 58 21 -63 -79 99 99 74 -11 96 -20 -30 -41 69 34 -54 12 -86 83 66 69 -21 -72 -56 -13 14 71 -97 92 -44 -12 -74 47 44 99 35 -12 29 -24 -33 23 82 -21 76 -18 -29 -2 -100 49 -47 65 68 18 -31 1 33 93 30 60 50 33 56 -40 86 -57 49 52 79 -60 -62 39 -73 42 1 -16 -31 -13 54 -75 -68 -40 38 80 -37 -1 56 -9 -79 -85 22 -93 -37 33 -66 -85 38 48 89 -70 -4 8 84 -98 -56 95 -75 59 2 55 56 31 23 20 -77 63 -40 -68 86 34 71 48 47 -52 -3 43 -99 -66 87 -72 -84 60 74 1 -31 -17 -12 -19 -74 -52 -43 73 -1 92 -65 -46 -74 -98 26 -86 92 -6 91 -94 -70 71 29 55 -41 -72 80 -56 -14 -14 -71 -2 -14 33 75 -3 -85 -53 13 -94 61 -43 3 -11 -96 -67 57 -55 26 71 -99 -38 -35 -92 69 -98 58 8 -55 -25 90 67 -62 24 47 -69 27 -74 6 64 39 -79 -64 0 11 -69 -15 3 14 0 -40 -70 -66 -89 -16 -21 84 24 7 -16 -45 -2 -11 81 -28 2 -96
300
24 69 58 -22 -36 62 45 5 -73 -19 -9 61 42 95 -64 -73 -96 91 53 2 82 -8 16 -79 -5 18 26 -53 38 71 12 -31 -1 -33 -6 -65 -89 3 33 22 -36 -27 11 41 -32 -47 -56 47 57 -38 -41 -63 41 23 78 29 -65 16 -58 90 6 -12 42 -60 -52 -36 -95 -54 29 -10 50 70 1 -94 48 93 -77 -71 54 -16 -60 56 76 66 8 31 -61 44 23 -74 38 37 -18 18 41 29 15 -67 -42 -61 30 4 6 77 86 -27 45 -79 -28 24 -71 -30 73 77 12 -3 -10 86 -64 61 67 55 74 -45 -48 -69 50 50 24 41 -70 66 91 7 37 -93 -13 -43 83 53 9 45 58 -91 88 -79 46 -78 -70 6 68 -87 91 0 -45 62 59 -90 37 -76 -17 48 -59 95 50 -98 -64 -9 -80 74 -79 96 99 48 -16 -32 34 -19 99 -47 38 -82 88 0 -33 27 -7 28 -17 -52 -79 -93 -83 10 14 -87 -84 9 -49 35 -51 -100 56 19 3 98 -92 -76 -91 -56 2 89 -15 95 43 -7 87 23 3 14 -100 -52 -82 -42 96 80 -19 98 98 89 57 -91 -78 -28 -8 38 79 -62 -43 90 91 58 -12 -85 11 56 -66 -98 -45 -28 -54 28 -14 62 -67 -25 42 -31 -84 -56 98 -19 -49 22 -1 -79 -24 57 89 -8 12 -25 10 -100 -31 -97 -12 -39 89 -99 -77 -45 85 -98 -15 82 -74 -12 57 -83 32 -68 54 69 89 21 29 76 -8 68 55 -75 49 -66 12 -59 -40 45 53 18 -77 39 96 -21 29 -13 -63 49 49 -34 95 93 -84 -3 5 -14 -18 -12 34 -45 1 14 -29 16 -37 86 55 13 -47 85 -92 12 45 -68 56 13 58 21 82 -54 44 -19 -78 96 61 29 -50 35 -34 73 -41 -56 -61 -8 -76 -47 10 54 -51 45 13 86 -78 -26 -82 68 5 87 91 58 -75 -98 -86 -23 -76 14 -26 34 59 72 -30 -67 -3 -13 77 18 -30 73 -32 63 85 92 -20 2 -73 -87 -1 -98 -75 27 24 43 72 -77 81 -39 -68 -97 93 5 -69 25 42 -8 -14 -78 0 -36 60 87 74 -87 70 -30 -67 -65 60 11 -33 -4 50 -15 -6 40 -76 -5 25 -81 -6 76 2 -42 -34 71 93 -22 -16 -49 -36 -82 52 19 -13 -100 26 -40 57 -90 15 70 -73 76 58 -57 9 64 -14 -18 -13 65 -26 77 -73 -75 28 -71 20 -77 62 2 96 23 -39 37 25 95 -40 -36 16 -98 26 -70 71 -89 47 -89 20 53 24 90 63 88 -49 40 -71 -38 13 0 78 58 -93 65 -100 -23 -61 -42 60 3 24 57 8 -23 -13 13 -50 -99 -72 -40 84 93 40 -95 4 11 56 -65 50 -28 -15 -77 -84 56 57 -74 57 26 -29 37 61 -31 -78 -4 12 -83 -4 17 -59 85 29 -77 65 -71 32 59 -45 -4 62 -47 34 84 72 -46 69 -43 63 32 -17 -93 -65 11 -52 -33 38 -25 42 -77 11 54 24 69
11
0 0 0 1 1 1 1 0 1 -1 0 -1 -1 -1 -1 0 -1 1 -1 2 0 0
9
0 0 2 0 4 6 1 6 0 3 10 3 12 9 3 9 0 0
9
-1 -1 0 0 -1 0 -1 1 1 1 0 0 1 0 1 -1 -1 -1
9
-1 -1 1 -1 1 0 0 0 1 1 -1 1 -1 0 0 0 -1 -1
11
-1 -1 0 0 -1 0 -1 1 1 1 1 0 0 0 1 1 2 0 1 -1 -1 -1
11
-1 -1 1 -1 2 0 1 1 0 0 1 0 1 1 -1 1 -1 0 0 0 -1 -1
283
0 1 0 -1 -1 -1 1 1 2 1 -2 -1 -3 -1 3 1 4 1 -4 -1 -5 -1 5 1 6 1 -6 -1 -7 -1 7 1 8 1 -8 -1 -9 -1 9 1 10 1 -10 -1 -11 -1 11 1 12 1 -12 -1 -13 -1 13 1 14 1 -14 -1 -15 -1 15 1 16 1 -16 -1 -17 -1 17 1 18 1 -18 -1 -19 -1 19 1 20 1 -20 -1 -21 -1 21 1 22 1 -22 -1 -23 -1 23 1 24 1 -24 -1 -25 -1 25 1 26 1 -26 -1 -27 -1 27 1 28 1 -28 -1 -29 -1 29 1 30 1 -30 -1 -31 -1 31 1 32 1 -32 -1 -33 -1 33 1 34 1 -34 -1 -35 -1 35 1 36 1 -36 -1 -37 -1 37 1 38 1 -38 -1 -39 -1 39 1 40 1 -40 -1 -41 -1 41 1 42 1 -42 -1 -43 -1 43 1 44 1 -44 -1 -45 -1 45 1 46 1 -46 -1 -47 -1 47 1 48 1 -48 -1 -49 -1 49 1 50 1 -50 -1 -51 -1 51 1 52 1 -52 -1 -53 -1 53 1 54 1 -54 -1 -55 -1 55 1 56 1 -56 -1 -57 -1 57 1 58 1 -58 -1 -59 -1 59 1 60 1 -60 -1 -61 -1 61 1 62 1 -62 -1 -63 -1 63 1 64 1 -64 -1 -65 -1 65 1 66 1 -66 -1 -67 -1 67 1 68 1 -68 -1 -69 -1 69 1 70 1 -70 -1 -71 -1 71 1 72 1 -72 -1 -73 -1 73 1 74 1 -74 -1 -75 -1 75 1 76 1 -76 -1 -77 -1 77 1 78 1 -78 -1 -79 -1 79 1 80 1 -80 -1 -81 -1 81 1 82 1 -82 -1 -83 -1 83 1 84 1 -84 -1 -85 -1 85 1 86 1 -86 -1 -87 -1 87 1 88 1 -88 -1 -89 -1 89 1 90 1 -90 -1 -91 -1 91 1 92 1 -92 -1 -93 -1 93 1 94 1 -94 -1 -95 -1 95 1 96 1 -96 -1 -97 -1 97 1 98 1 -98 -1 -99 -1 99 1 100 1 -100 -1 -101 -1 101 1 102 1 -102 -1 -103 -1 103 1 104 1 -104 -1 -105 -1 105 1 106 1 -106 -1 -107 -1 107 1 108 1 -108 -1 -109 -1 109 1 110 1 -110 -1 -111 -1 111 1 112 1 -112 -1 -113 -1 113 1 114 1 -114 -1 -115 -1 115 1 116 1 -116 -1 -117 -1 117 1 118 1 -118 -1 -119 -1 119 1 120 1 -120 -1 -121 -1 121 1 122 1 -122 -1 -123 -1 123 1 124 1 -124 -1 -125 -1 125 1 126 1 -126 -1 -127 -1 127 1 128 1 -128 -1 -129 -1 129 1 130 1 -130 -1 -131 -1 131 1 132 1 -132 -1 -133 -1 133 1 134 1 -134 -1 -135 -1 135 1 136 1 -136 -1 -137 -1 137 1 138 1 -138 -1 -139 -1 139 1 140 1 -140 -1 0 1
8
-290 -290 290 291 290 290 -291 -290 -292 -291 291 291 291 -290 -290 -290
0
