18 9 27 36
9 18 36 27
9 54 36 63
9 72 36 81
9 54 18 81
27 54 36 81
3447 0 3510 72
8235 9 8271 63
3474 18 3501 108
3789 27 3816 99
6210 36 6300 72
8334 45 8343 108
1548 54 1611 72
3312 63 3384 153
7038 72 7047 99
1107 81 1179 135
8361 90 8388 117
522 99 612 171
3537 108 3600 126
378 117 468 153
3789 126 3879 171
4833 135 4914 180
2835 144 2844 180
4734 153 4752 162
8604 162 8640 189
1530 171 1593 189
2745 180 2799 225
2943 189 3006 243
7614 198 7704 234
7713 207 7758 261
5238 216 5292 261
3303 225 3348 270
387 234 396 306
7272 243 7335 324
7092 252 7137 288
5859 261 5904 351
8388 270 8397 333
3312 279 3402 306
2034 288 2097 333
4851 297 4905 306
3906 306 3987 378
5409 315 5481 342
2853 324 2880 351
6804 333 6822 342
2574 342 2592 396
6201 351 6246 441
3960 360 4050 378
1053 369 1125 387
4329 378 4383 468
8343 387 8415 450
4473 396 4509 459
8685 405 8748 441
1971 414 2016 495
7839 423 7866 513
4527 432 4617 441
3312 441 3393 495
3060 450 3150 513
6507 459 6588 513
7614 468 7632 486
4995 477 5085 558
6876 486 6957 504
3150 495 3186 504
306 504 351 549
8226 513 8298 576
6687 522 6705 594
3285 531 3375 594
3888 540 3906 612
2052 549 2106 621
4266 558 4284 639
3555 567 3645 639
2115 576 2151 657
3852 585 3888 603
8352 594 8442 657
3636 603 3672 639
5517 612 5598 675
7560 621 7605 702
1152 630 1233 720
8253 639 8325 702
2916 648 2952 657
1647 657 1656 747
6948 666 7002 711
5310 675 5364 765
8586 684 8649 774
738 693 765 738
1773 702 1845 756
7236 711 7317 729
5598 720 5679 810
3087 729 3150 810
3060 738 3087 756
7290 747 7344 765
5949 756 5958 837
2745 765 2754 828
3996 774 4059 801
4185 783 4266 846
2538 792 2619 837
5733 801 5760 846
5400 810 5463 837
8091 819 8181 828
4212 828 4230 864
1179 837 1197 846
8397 846 8442 855
1467 855 1557 873
8091 864 8154 954
6957 873 6993 954
1710 882 1764 945
4194 891 4239 900
810 900 855 963
4878 909 4941 981
4005 918 4068 1008
3762 927 3834 954
3132 936 3159 1026
81 945 144 954
3078 954 3150 1017
2709 963 2745 990
2889 972 2943 1062
5391 981 5409 1026
8451 990 8469 999
6003 999 6057 1080
1143 1008 1152 1053
5922 1017 5931 1062
3798 1026 3888 1089
729 1035 738 1080
2628 1044 2655 1071
7650 1053 7704 1107
1998 1062 2088 1071
378 1071 459 1107
2682 1080 2691 1125
5310 1089 5400 1107
7371 1098 7434 1125
1395 1107 1440 1152
3411 1116 3501 1152
6984 1125 6993 1179
7740 1134 7767 1224
7956 1143 7992 1197
5589 1152 5661 1197
5517 1161 5535 1206
2934 1170 3024 1215
1818 1179 1845 1242
7056 1188 7074 1215
7812 1197 7893 1287
7848 1206 7929 1287
4482 1215 4545 1296
6777 1224 6858 1260
2997 1233 3033 1314
8010 1242 8055 1314
6714 1251 6795 1341
4500 1260 4563 1341
7173 1269 7263 1278
2727 1278 2763 1314
4473 1287 4509 1314
6174 1296 6228 1323
8964 1305 9000 1386
1413 1314 1503 1377
4140 1323 4185 1341
4140 1332 4185 1413
243 1341 252 1422
5004 1350 5031 1395
6273 1359 6363 1395
351 1368 378 1449
3627 1377 3636 1395
5823 1386 5904 1476
1359 1395 1413 1440
3051 1404 3078 1458
1143 1413 1188 1503
441 1422 486 1476
3861 1431 3897 1485
1593 1440 1602 1521
8739 1449 8829 1539
3303 1458 3384 1485
7155 1467 7191 1512
7461 1476 7470 1503
3060 1485 3078 1575
7434 1494 7461 1512
378 1503 387 1575
207 1512 225 1530
2781 1521 2790 1575
8964 1530 9000 1602
2106 1539 2115 1602
4716 1548 4788 1593
1512 1557 1566 1638
2808 1566 2871 1575
3114 1575 3177 1620
8244 1584 8271 1665
4761 1593 4824 1602
5823 1602 5832 1620
720 1611 738 1647
7713 1620 7785 1647
7974 1629 8019 1683
4608 1638 4617 1665
4311 1647 4320 1737
1701 1656 1746 1710
5769 1665 5778 1701
8883 1674 8964 1755
5094 1683 5103 1728
7704 1692 7776 1755
2340 1701 2430 1773
1845 1710 1935 1782
4662 1719 4716 1755
7857 1728 7938 1764
5733 1737 5823 1773
5463 1746 5544 1818
2826 1755 2844 1845
900 1764 990 1845
3942 1773 3996 1854
666 1782 702 1854
6129 1791 6165 1872
2430 1800 2520 1872
7551 1809 7641 1845
5598 1818 5643 1854
7623 1827 7641 1854
6138 1836 6147 1863
7119 1845 7191 1899
4689 1854 4761 1899
4419 1863 4491 1881
2079 1872 2097 1944
6660 1881 6705 1890
882 1890 936 1908
4644 1899 4707 1926
2079 1908 2169 1971
3636 1917 3717 1926
1962 1926 1980 1935
7758 1935 7785 2025
8793 1944 8847 2007
8136 1953 8199 1989
1863 1962 1953 2034
6696 1971 6786 1989
1143 1980 1152 2043
5040 1989 5121 2043
5067 1998 5157 2043
6399 2007 6453 2052
2619 2016 2673 2070
5526 2025 5616 2106
8937 2034 9000 2088
7938 2043 7965 2070
6453 2052 6462 2088
5166 2061 5229 2097
4374 2070 4410 2106
666 2079 711 2115
1611 2088 1683 2115
6975 2097 7056 2187
6390 2106 6417 2151
153 2115 216 2169
1233 2124 1251 2160
8487 2133 8523 2214
8325 2142 8343 2151
162 2151 234 2214
8667 2160 8721 2169
7722 2169 7731 2214
5139 2178 5157 2214
6165 2187 6255 2223
5436 2196 5454 2250
2250 2205 2331 2241
4365 2214 4428 2268
5751 2223 5841 2232
8703 2232 8766 2268
6093 2241 6156 2259
7785 2250 7794 2313
8595 2259 8604 2340
1899 2268 1926 2295
1764 2277 1854 2295
2430 2286 2475 2313
3843 2295 3888 2304
2547 2304 2574 2385
7470 2313 7506 2385
8550 2322 8559 2358
6426 2331 6516 2358
423 2340 468 2367
3915 2349 3942 2394
8586 2358 8622 2439
4374 2367 4383 2448
1431 2376 1458 2403
6147 2385 6165 2466
6507 2394 6552 2421
1098 2403 1143 2457
7389 2412 7461 2466
6723 2421 6741 2484
2421 2430 2502 2448
6327 2439 6363 2475
8163 2448 8253 2529
7254 2457 7326 2466
756 2466 837 2511
6282 2475 6300 2538
8082 2484 8136 2511
1539 2493 1629 2583
4554 2502 4563 2565
2016 2511 2106 2601
0 2520 81 2610
477 2529 495 2574
3042 2538 3132 2601
603 2547 675 2583
7083 2556 7101 2583
1098 2565 1116 2619
7650 2574 7740 2583
2286 2583 2295 2601
7317 2592 7389 2637
1629 2601 1647 2637
6480 2610 6516 2637
1629 2619 1701 2673
2664 2628 2718 2673
6498 2637 6525 2655
2673 2646 2700 2691
1629 2655 1692 2709
513 2664 594 2718
8991 2673 9000 2745
4347 2682 4410 2727
8793 2691 8883 2763
8388 2700 8415 2718
2394 2709 2430 2718
6138 2718 6156 2772
774 2727 828 2736
8910 2736 8946 2781
4284 2745 4347 2754
8028 2754 8082 2835
7551 2763 7605 2772
1224 2772 1233 2853
5787 2781 5859 2862
5238 2790 5256 2799
8595 2799 8676 2853
7335 2808 7344 2880
7677 2817 7758 2844
7047 2826 7056 2898
873 2835 945 2898
2421 2844 2439 2862
1341 2853 1350 2934
5751 2862 5832 2943
5490 2871 5526 2943
8010 2880 8073 2970
4968 2889 4986 2961
6993 2898 7083 2970
5094 2907 5121 2979
5769 2916 5823 2997
2682 2925 2727 2979
6984 2934 7038 2997
3852 2943 3897 3024
2772 2952 2808 3033
1773 2961 1827 2988
6966 2970 7020 2979
2925 2979 2997 3015
3708 2988 3780 3015
3789 2997 3825 3042
3951 3006 3996 3024
1431 3015 1485 3087
3186 3024 3204 3051
8748 3033 8766 3096
7668 3042 7677 3069
4338 3051 4428 3123
1386 3060 1422 3114
4554 3069 4572 3114
7110 3078 7146 3096
1548 3087 1620 3159
7731 3096 7812 3114
2520 3105 2592 3168
5310 3114 5328 3123
3168 3123 3222 3141
621 3132 693 3150
747 3141 765 3168
2700 3150 2763 3231
6003 3159 6048 3249
288 3168 333 3213
7875 3177 7965 3195
3708 3186 3789 3276
5724 3195 5733 3258
7596 3204 7605 3294
7326 3213 7380 3258
2934 3222 2997 3258
351 3231 441 3285
1368 3240 1386 3276
7110 3249 7200 3339
5679 3258 5715 3303
6615 3267 6696 3321
7893 3276 7929 3312
1782 3285 1872 3339
1395 3294 1431 3375
1404 3303 1413 3339
7407 3312 7470 3330
3222 3321 3294 3330
2205 3330 2223 3348
8910 3339 8946 3348
900 3348 945 3402
3276 3357 3303 3402
5931 3366 6021 3456
7596 3375 7686 3456
4959 3384 5022 3420
171 3393 207 3429
2736 3402 2799 3420
4275 3411 4338 3429
8703 3420 8730 3447
6561 3429 6588 3510
1179 3438 1206 3483
1863 3447 1944 3510
1647 3456 1719 3528
4248 3465 4284 3537
558 3474 612 3510
7173 3483 7236 3564
1269 3492 1305 3555
4266 3501 4275 3537
4365 3510 4446 3564
270 3519 360 3609
8082 3528 8091 3555
3816 3537 3906 3546
5769 3546 5796 3555
4320 3555 4383 3591
7101 3564 7110 3645
6507 3573 6588 3645
4437 3582 4455 3591
1980 3591 2034 3600
5517 3600 5535 3681
2430 3609 2448 3681
7461 3618 7479 3627
6687 3627 6741 3717
216 3636 297 3681
3474 3645 3564 3672
8721 3654 8730 3690
270 3663 306 3699
5283 3672 5373 3717
5841 3681 5931 3699
3051 3690 3096 3717
2970 3699 3033 3753
3141 3708 3195 3771
7929 3717 7947 3762
1197 3726 1269 3753
2583 3735 2619 3771
4671 3744 4698 3789
2196 3753 2241 3843
2331 3762 2367 3843
3177 3771 3204 3861
6345 3780 6390 3816
7191 3789 7236 3879
2835 3798 2889 3870
7677 3807 7767 3816
4383 3816 4410 3888
5058 3825 5148 3834
1845 3834 1854 3879
8199 3843 8271 3933
3627 3852 3690 3879
7389 3861 7416 3915
3987 3870 4077 3888
4752 3879 4833 3951
6300 3888 6354 3915
7083 3897 7173 3915
5301 3906 5364 3942
3834 3915 3915 3960
324 3924 387 3996
828 3933 900 3978
8289 3942 8298 3951
1494 3951 1539 3996
1107 3960 1179 3996
4356 3969 4428 3996
8379 3978 8451 4068
1485 3987 1548 4068
621 3996 675 4050
3798 4005 3816 4059
5121 4014 5211 4032
6084 4023 6111 4041
3060 4032 3114 4068
1548 4041 1566 4131
4743 4050 4806 4131
7308 4059 7317 4122
1116 4068 1152 4104
1674 4077 1764 4086
7146 4086 7227 4140
1269 4095 1296 4185
3933 4104 3969 4185
5310 4113 5400 4140
4617 4122 4635 4203
2313 4131 2358 4149
3114 4140 3150 4221
2025 4149 2079 4158
3789 4158 3816 4221
5706 4167 5787 4221
3204 4176 3231 4230
4248 4185 4311 4275
999 4194 1035 4230
5949 4203 6003 4230
1944 4212 2034 4257
3096 4221 3159 4230
2403 4230 2448 4266
6813 4239 6903 4248
5850 4248 5877 4275
7884 4257 7974 4266
8577 4266 8631 4320
5382 4275 5454 4293
8433 4284 8442 4347
4860 4293 4905 4311
747 4302 756 4329
5481 4311 5544 4320
8451 4320 8487 4374
2736 4329 2772 4392
1476 4338 1512 4356
3141 4347 3159 4356
3051 4356 3096 4410
8874 4365 8901 4419
711 4374 729 4446
3663 4383 3708 4401
5049 4392 5139 4410
477 4401 558 4473
4446 4410 4536 4446
5229 4419 5265 4500
1683 4428 1773 4464
3942 4437 4023 4482
2880 4446 2889 4527
4374 4455 4455 4482
4167 4464 4248 4518
90 4473 144 4563
1278 4482 1341 4563
3825 4491 3852 4572
7677 4500 7740 4572
6732 4509 6804 4536
4644 4518 4707 4545
1431 4527 1503 4536
4977 4536 5049 4563
27 4545 81 4563
963 4554 1044 4644
1386 4563 1404 4626
3006 4572 3042 4626
7056 4581 7137 4653
6867 4590 6903 4644
5040 4599 5058 4644
1665 4608 1737 4617
873 4617 954 4707
3141 4626 3177 4716
5706 4635 5769 4680
5265 4644 5319 4698
8874 4653 8883 4716
8028 4662 8091 4752
5121 4671 5148 4761
3294 4680 3348 4734
7497 4689 7578 4752
7623 4698 7659 4761
2700 4707 2727 4770
5661 4716 5697 4725
4572 4725 4644 4788
6975 4734 7002 4779
4860 4743 4869 4806
4662 4752 4716 4797
4491 4761 4536 4824
8172 4770 8208 4797
2727 4779 2790 4806
3888 4788 3933 4860
7290 4797 7335 4887
5364 4806 5418 4851
6264 4815 6309 4842
4185 4824 4203 4887
3249 4833 3285 4905
1683 4842 1701 4869
8829 4851 8838 4932
7911 4860 7920 4878
2637 4869 2682 4950
1215 4878 1296 4905
8478 4887 8487 4950
1467 4896 1530 4914
4500 4905 4554 4977
2106 4914 2133 4923
8550 4923 8586 4959
3051 4932 3060 4977
2637 4941 2673 4986
3438 4950 3483 5004
2907 4959 2988 4977
8559 4968 8595 4986
4185 4977 4266 4995
7317 4986 7353 5076
8793 4995 8847 5040
4176 5004 4266 5067
963 5013 990 5031
6660 5022 6678 5058
5283 5031 5355 5094
7137 5040 7227 5058
5580 5049 5625 5067
3339 5058 3420 5121
4806 5067 4842 5112
5103 5076 5175 5085
603 5085 648 5139
3897 5094 3906 5166
1188 5103 1278 5193
4707 5112 4716 5139
1323 5121 1413 5211
3015 5130 3042 5139
8712 5139 8748 5193
3051 5148 3114 5202
8424 5157 8460 5166
468 5166 477 5238
1836 5175 1908 5211
4860 5184 4878 5247
8973 5193 9000 5265
7902 5202 7983 5292
1530 5211 1602 5292
4680 5220 4716 5238
5940 5229 5976 5292
2403 5238 2439 5265
2628 5247 2646 5301
4977 5256 5013 5337
7758 5265 7839 5319
1782 5274 1791 5355
3384 5283 3474 5319
4527 5292 4599 5337
6057 5301 6129 5319
7407 5310 7497 5373
396 5319 423 5328
108 5328 198 5382
6723 5337 6768 5400
1206 5346 1296 5364
6678 5355 6714 5373
5742 5364 5760 5400
8622 5373 8712 5400
4356 5382 4410 5400
810 5391 819 5409
8307 5400 8343 5409
2880 5409 2889 5436
8568 5418 8595 5463
7263 5427 7353 5508
4725 5436 4770 5508
1422 5445 1485 5454
5040 5454 5103 5499
8757 5463 8829 5517
6732 5472 6750 5481
3681 5481 3717 5490
7488 5490 7551 5535
7497 5499 7578 5562
1143 5508 1152 5589
5679 5517 5769 5598
3069 5526 3132 5571
4122 5535 4176 5544
8109 5544 8163 5634
7803 5553 7812 5616
6588 5562 6669 5652
6345 5571 6354 5598
4113 5580 4140 5661
4149 5589 4221 5661
1521 5598 1593 5688
4842 5607 4923 5697
162 5616 171 5670
3528 5625 3537 5652
6786 5634 6822 5706
6687 5643 6696 5652
189 5652 243 5733
6480 5661 6489 5670
5706 5670 5778 5724
8847 5679 8865 5724
1278 5688 1287 5706
567 5697 576 5706
4986 5706 5067 5733
4428 5715 4437 5742
306 5724 360 5805
846 5733 855 5814
5796 5742 5823 5796
7056 5751 7083 5823
8325 5760 8397 5814
5418 5769 5445 5850
2664 5778 2727 5787
7560 5787 7650 5805
4608 5796 4671 5886
5886 5805 5967 5832
3852 5814 3879 5886
792 5823 855 5895
7173 5832 7182 5922
6246 5841 6300 5886
7038 5850 7065 5886
7821 5859 7884 5913
3753 5868 3798 5904
2691 5877 2736 5922
3150 5886 3213 5895
2628 5895 2655 5976
1476 5904 1512 5922
6489 5913 6507 6003
3690 5922 3699 5931
8118 5931 8172 6003
8244 5940 8334 5958
3951 5949 4032 6021
7254 5958 7308 5976
4599 5967 4644 6048
2385 5976 2457 6039
8784 5985 8874 6003
1206 5994 1242 6057
1143 6003 1206 6093
6273 6012 6336 6021
7551 6021 7560 6093
8874 6030 8937 6111
6903 6039 6975 6102
1224 6048 1278 6084
333 6057 396 6147
3303 6066 3330 6129
8406 6075 8415 6147
855 6084 900 6093
5679 6093 5706 6174
5670 6102 5688 6156
2178 6111 2187 6183
1449 6120 1512 6165
1521 6129 1575 6165
1215 6138 1233 6156
1620 6147 1629 6219
8100 6156 8181 6174
8964 6165 9000 6183
1026 6174 1116 6255
3744 6183 3771 6210
5625 6192 5652 6228
4518 6201 4590 6237
8541 6210 8550 6228
2115 6219 2124 6282
7191 6228 7263 6318
4518 6237 4599 6327
7191 6246 7272 6336
117 6255 180 6291
6894 6264 6903 6309
1746 6273 1836 6336
6984 6282 7029 6300
1881 6291 1962 6300
6156 6300 6246 6309
7515 6309 7569 6318
7029 6318 7092 6327
3258 6327 3339 6408
2376 6336 2466 6417
7677 6345 7722 6390
6921 6354 6939 6426
945 6363 1017 6426
1278 6372 1323 6399
5085 6381 5139 6390
2385 6390 2412 6480
963 6399 1035 6462
5022 6408 5040 6435
1440 6417 1476 6444
342 6426 414 6471
7164 6435 7200 6516
3870 6444 3915 6534
3663 6453 3753 6525
4455 6462 4473 6498
8703 6471 8784 6480
261 6480 315 6507
5679 6489 5715 6516
63 6498 99 6534
5958 6507 5994 6588
864 6516 882 6579
990 6525 1080 6543
621 6534 639 6588
810 6543 900 6588
3321 6552 3384 6633
6138 6561 6183 6624
2655 6570 2691 6615
1683 6579 1728 6651
2259 6588 2304 6597
5076 6597 5157 6633
1737 6606 1782 6669
3609 6615 3663 6669
3546 6624 3609 6687
5301 6633 5364 6705
7155 6642 7218 6687
7227 6651 7236 6660
7938 6660 7992 6696
5832 6669 5886 6678
4545 6678 4608 6741
603 6687 639 6732
7110 6696 7191 6705
6912 6705 6930 6759
837 6714 891 6732
2259 6723 2304 6732
5859 6732 5877 6813
3915 6741 3987 6822
2475 6750 2493 6813
1800 6759 1890 6777
7578 6768 7623 6858
5040 6777 5058 6822
5976 6786 6012 6813
8595 6795 8613 6831
4878 6804 4941 6813
4464 6813 4554 6876
2322 6822 2331 6903
7614 6831 7686 6885
2646 6840 2691 6903
2250 6849 2304 6903
2277 6858 2367 6876
4995 6867 5004 6912
6471 6876 6534 6948
5796 6885 5832 6894
6561 6894 6624 6957
3330 6903 3375 6957
7722 6912 7749 6993
2574 6921 2655 6975
4617 6930 4662 6939
3789 6939 3861 7011
5922 6948 5931 7029
6561 6957 6633 7038
477 6966 567 7038
6948 6975 7002 6984
2718 6984 2763 7065
3960 6993 4023 7020
774 7002 828 7065
8514 7011 8550 7056
6759 7020 6831 7038
7497 7029 7506 7110
3528 7038 3618 7047
2439 7047 2448 7128
3429 7056 3492 7128
3492 7065 3573 7092
8559 7074 8595 7155
2331 7083 2367 7137
4626 7092 4644 7119
8748 7101 8820 7173
1161 7110 1179 7155
5670 7119 5715 7191
702 7128 774 7191
702 7137 711 7218
1674 7146 1692 7191
7425 7155 7452 7209
5751 7164 5787 7245
3222 7173 3267 7209
495 7182 504 7236
5301 7191 5337 7236
2214 7200 2241 7254
8037 7209 8064 7218
8550 7218 8559 7308
3852 7227 3861 7317
504 7236 576 7263
2169 7245 2214 7290
4122 7254 4167 7344
5922 7263 5967 7308
2529 7272 2619 7335
1062 7281 1071 7371
6867 7290 6930 7326
2862 7299 2952 7353
8730 7308 8748 7380
999 7317 1089 7398
108 7326 171 7398
495 7335 585 7371
8811 7344 8901 7416
801 7353 873 7389
8955 7362 8964 7407
1899 7371 1989 7416
6399 7380 6444 7416
2934 7389 2979 7416
5688 7398 5760 7461
6849 7407 6930 7461
3969 7416 3987 7452
1890 7425 1953 7470
8046 7434 8118 7488
4347 7443 4428 7470
3033 7452 3069 7506
1917 7461 1989 7506
8982 7470 8991 7479
5769 7479 5832 7524
315 7488 396 7524
1179 7497 1206 7524
6381 7506 6435 7560
7416 7515 7479 7551
639 7524 666 7533
8154 7533 8208 7551
8901 7542 8946 7587
5904 7551 5985 7569
8730 7560 8811 7578
918 7569 1008 7650
162 7578 225 7659
378 7587 387 7614
2556 7596 2646 7677
4149 7605 4203 7668
8316 7614 8379 7695
3204 7623 3240 7677
7623 7632 7668 7659
6696 7641 6705 7668
2313 7650 2340 7659
4059 7659 4122 7677
2691 7668 2736 7758
4401 7677 4464 7767
7056 7686 7083 7695
2448 7695 2484 7758
7812 7704 7902 7731
7362 7713 7425 7785
2277 7722 2331 7758
1935 7731 2025 7785
2421 7740 2493 7830
6381 7749 6390 7803
2088 7758 2106 7767
4698 7767 4707 7830
3717 7776 3780 7866
2376 7785 2457 7830
2250 7794 2331 7839
7146 7803 7227 7830
7236 7812 7263 7884
2403 7821 2493 7911
1737 7830 1827 7911
2286 7839 2295 7920
7650 7848 7704 7938
3150 7857 3240 7875
1332 7866 1359 7947
1593 7875 1656 7956
8586 7884 8667 7974
6282 7893 6318 7965
4230 7902 4302 7920
4221 7911 4284 7947
3960 7920 3978 7965
2592 7929 2655 7992
7344 7938 7407 7956
243 7947 324 7974
531 7956 594 8010
3591 7965 3636 8001
8703 7974 8784 8001
6192 7983 6273 8055
6084 7992 6093 8037
2151 8001 2169 8028
2178 8010 2205 8055
2754 8019 2763 8046
4437 8028 4527 8109
3474 8037 3555 8100
4581 8046 4653 8073
5634 8055 5715 8136
5841 8064 5922 8145
1629 8073 1692 8154
6480 8082 6525 8163
126 8091 171 8118
6651 8100 6714 8145
6615 8109 6669 8154
2313 8118 2322 8172
4563 8127 4626 8172
4347 8136 4401 8172
333 8145 369 8172
3132 8154 3168 8163
3312 8163 3375 8226
1341 8172 1413 8190
1431 8181 1467 8253
1989 8190 2016 8226
6975 8199 7047 8208
4158 8208 4221 8217
873 8217 909 8289
549 8226 630 8271
1053 8235 1116 8316
8631 8244 8694 8280
2331 8253 2394 8343
513 8262 567 8325
270 8271 324 8298
3753 8280 3816 8343
7317 8289 7344 8334
4707 8298 4770 8307
3546 8307 3582 8370
1467 8316 1539 8361
3051 8325 3096 8352
4941 8334 4977 8415
3978 8343 4023 8397
8136 8352 8172 8379
2718 8361 2763 8433
36 8370 54 8433
909 8379 972 8460
2943 8388 2952 8433
8451 8397 8514 8487
4005 8406 4023 8469
6120 8415 6147 8442
288 8424 315 8496
1827 8433 1890 8451
5040 8442 5049 8514
2268 8451 2304 8469
3960 8460 4032 8505
432 8469 441 8487
1332 8478 1404 8514
4986 8487 5058 8505
3267 8496 3312 8541
3078 8505 3123 8568
2286 8514 2376 8595
6876 8523 6903 8577
6993 8532 7020 8604
6336 8541 6381 8550
5175 8550 5238 8559
1440 8559 1485 8568
5607 8568 5634 8577
4392 8577 4455 8667
1341 8586 1368 8622
7425 8595 7470 8676
1359 8604 1368 8676
3438 8613 3483 8703
8631 8622 8658 8658
7074 8631 7137 8703
1503 8640 1548 8703
7281 8649 7344 8658
981 8658 1071 8712
4059 8667 4131 8703
630 8676 711 8730
6876 8685 6912 8775
5076 8694 5139 8721
4527 8703 4608 8766
3888 8712 3960 8721
8703 8721 8766 8793
2736 8730 2772 8748
2628 8739 2673 8811
2475 8748 2529 8829
3600 8757 3672 8829
5157 8766 5229 8838
1431 8775 1467 8802
7650 8784 7722 8865
8118 8793 8127 8865
3879 8802 3924 8865
7749 8811 7767 8838
8082 8820 8163 8892
7389 8829 7398 8847
7110 8838 7182 8928
7020 8847 7092 8910
2511 8856 2547 8892
3924 8865 3969 8955
3852 8874 3897 8937
6831 8883 6921 8955
4122 8892 4131 8910
4356 8901 4392 8955
2961 8910 3006 8946
1422 8919 1476 8973
7038 8928 7119 8964
5949 8937 6030 8964
-1 -1 -1 -1
18 9 27 36
9 18 36 27
9 54 36 63
9 72 36 81
9 54 18 81
27 54 36 81
3447 0 3510 72
8235 9 8271 63
3474 18 3501 108
3789 27 3816 99
6210 36 6300 72
8334 45 8343 108
1548 54 1611 72
3312 63 3384 153
7038 72 7047 99
1107 81 1179 135
8361 90 8388 117
522 99 612 171
3537 108 3600 126
378 117 468 153
3789 126 3879 171
4833 135 4914 180
2835 144 2844 180
4734 153 4752 162
8604 162 8640 189
1530 171 1593 189
2745 180 2799 225
2943 189 3006 243
7614 198 7704 234
7713 207 7758 261
5238 216 5292 261
3303 225 3348 270
387 234 396 306
7272 243 7335 324
7092 252 7137 288
5859 261 5904 351
8388 270 8397 333
3312 279 3402 306
2034 288 2097 333
4851 297 4905 306
3906 306 3987 378
5409 315 5481 342
2853 324 2880 351
6804 333 6822 342
2574 342 2592 396
6201 351 6246 441
3960 360 4050 378
1053 369 1125 387
4329 378 4383 468
8343 387 8415 450
4473 396 4509 459
8685 405 8748 441
1971 414 2016 495
7839 423 7866 513
4527 432 4617 441
3312 441 3393 495
3060 450 3150 513
6507 459 6588 513
7614 468 7632 486
4995 477 5085 558
6876 486 6957 504
3150 495 3186 504
306 504 351 549
8226 513 8298 576
6687 522 6705 594
3285 531 3375 594
3888 540 3906 612
2052 549 2106 621
4266 558 4284 639
3555 567 3645 639
2115 576 2151 657
3852 585 3888 603
8352 594 8442 657
3636 603 3672 639
5517 612 5598 675
7560 621 7605 702
1152 630 1233 720
8253 639 8325 702
2916 648 2952 657
1647 657 1656 747
6948 666 7002 711
5310 675 5364 765
8586 684 8649 774
738 693 765 738
1773 702 1845 756
7236 711 7317 729
5598 720 5679 810
3087 729 3150 810
3060 738 3087 756
7290 747 7344 765
5949 756 5958 837
2745 765 2754 828
3996 774 4059 801
4185 783 4266 846
2538 792 2619 837
5733 801 5760 846
5400 810 5463 837
8091 819 8181 828
4212 828 4230 864
1179 837 1197 846
8397 846 8442 855
1467 855 1557 873
8091 864 8154 954
6957 873 6993 954
1710 882 1764 945
4194 891 4239 900
810 900 855 963
4878 909 4941 981
4005 918 4068 1008
3762 927 3834 954
3132 936 3159 1026
81 945 144 954
3078 954 3150 1017
2709 963 2745 990
2889 972 2943 1062
5391 981 5409 1026
8451 990 8469 999
6003 999 6057 1080
1143 1008 1152 1053
5922 1017 5931 1062
3798 1026 3888 1089
729 1035 738 1080
2628 1044 2655 1071
7650 1053 7704 1107
1998 1062 2088 1071
378 1071 459 1107
2682 1080 2691 1125
5310 1089 5400 1107
7371 1098 7434 1125
1395 1107 1440 1152
3411 1116 3501 1152
6984 1125 6993 1179
7740 1134 7767 1224
7956 1143 7992 1197
5589 1152 5661 1197
5517 1161 5535 1206
2934 1170 3024 1215
1818 1179 1845 1242
7056 1188 7074 1215
7812 1197 7893 1287
7848 1206 7929 1287
4482 1215 4545 1296
6777 1224 6858 1260
2997 1233 3033 1314
8010 1242 8055 1314
6714 1251 6795 1341
4500 1260 4563 1341
7173 1269 7263 1278
2727 1278 2763 1314
4473 1287 4509 1314
6174 1296 6228 1323
8964 1305 9000 1386
1413 1314 1503 1377
4140 1323 4185 1341
4140 1332 4185 1413
243 1341 252 1422
5004 1350 5031 1395
6273 1359 6363 1395
351 1368 378 1449
3627 1377 3636 1395
5823 1386 5904 1476
1359 1395 1413 1440
3051 1404 3078 1458
1143 1413 1188 1503
441 1422 486 1476
3861 1431 3897 1485
1593 1440 1602 1521
8739 1449 8829 1539
3303 1458 3384 1485
7155 1467 7191 1512
7461 1476 7470 1503
3060 1485 3078 1575
7434 1494 7461 1512
378 1503 387 1575
207 1512 225 1530
2781 1521 2790 1575
8964 1530 9000 1602
2106 1539 2115 1602
4716 1548 4788 1593
1512 1557 1566 1638
2808 1566 2871 1575
3114 1575 3177 1620
8244 1584 8271 1665
4761 1593 4824 1602
5823 1602 5832 1620
720 1611 738 1647
7713 1620 7785 1647
7974 1629 8019 1683
4608 1638 4617 1665
4311 1647 4320 1737
1701 1656 1746 1710
5769 1665 5778 1701
8883 1674 8964 1755
5094 1683 5103 1728
7704 1692 7776 1755
2340 1701 2430 1773
1845 1710 1935 1782
4662 1719 4716 1755
7857 1728 7938 1764
5733 1737 5823 1773
5463 1746 5544 1818
2826 1755 2844 1845
900 1764 990 1845
3942 1773 3996 1854
666 1782 702 1854
6129 1791 6165 1872
2430 1800 2520 1872
7551 1809 7641 1845
5598 1818 5643 1854
7623 1827 7641 1854
6138 1836 6147 1863
7119 1845 7191 1899
4689 1854 4761 1899
4419 1863 4491 1881
2079 1872 2097 1944
6660 1881 6705 1890
882 1890 936 1908
4644 1899 4707 1926
2079 1908 2169 1971
3636 1917 3717 1926
1962 1926 1980 1935
7758 1935 7785 2025
8793 1944 8847 2007
8136 1953 8199 1989
1863 1962 1953 2034
6696 1971 6786 1989
1143 1980 1152 2043
5040 1989 5121 2043
5067 1998 5157 2043
6399 2007 6453 2052
2619 2016 2673 2070
5526 2025 5616 2106
8937 2034 9000 2088
7938 2043 7965 2070
6453 2052 6462 2088
5166 2061 5229 2097
4374 2070 4410 2106
666 2079 711 2115
1611 2088 1683 2115
6975 2097 7056 2187
6390 2106 6417 2151
153 2115 216 2169
1233 2124 1251 2160
8487 2133 8523 2214
8325 2142 8343 2151
162 2151 234 2214
8667 2160 8721 2169
7722 2169 7731 2214
5139 2178 5157 2214
6165 2187 6255 2223
5436 2196 5454 2250
2250 2205 2331 2241
4365 2214 4428 2268
5751 2223 5841 2232
8703 2232 8766 2268
6093 2241 6156 2259
7785 2250 7794 2313
8595 2259 8604 2340
1899 2268 1926 2295
1764 2277 1854 2295
2430 2286 2475 2313
3843 2295 3888 2304
2547 2304 2574 2385
7470 2313 7506 2385
8550 2322 8559 2358
6426 2331 6516 2358
423 2340 468 2367
3915 2349 3942 2394
8586 2358 8622 2439
4374 2367 4383 2448
1431 2376 1458 2403
6147 2385 6165 2466
6507 2394 6552 2421
1098 2403 1143 2457
7389 2412 7461 2466
6723 2421 6741 2484
2421 2430 2502 2448
6327 2439 6363 2475
8163 2448 8253 2529
7254 2457 7326 2466
756 2466 837 2511
6282 2475 6300 2538
8082 2484 8136 2511
1539 2493 1629 2583
4554 2502 4563 2565
2016 2511 2106 2601
0 2520 81 2610
477 2529 495 2574
3042 2538 3132 2601
603 2547 675 2583
7083 2556 7101 2583
1098 2565 1116 2619
7650 2574 7740 2583
2286 2583 2295 2601
7317 2592 7389 2637
1629 2601 1647 2637
6480 2610 6516 2637
1629 2619 1701 2673
2664 2628 2718 2673
6498 2637 6525 2655
2673 2646 2700 2691
1629 2655 1692 2709
513 2664 594 2718
8991 2673 9000 2745
4347 2682 4410 2727
8793 2691 8883 2763
8388 2700 8415 2718
2394 2709 2430 2718
6138 2718 6156 2772
774 2727 828 2736
8910 2736 8946 2781
4284 2745 4347 2754
8028 2754 8082 2835
7551 2763 7605 2772
1224 2772 1233 2853
5787 2781 5859 2862
5238 2790 5256 2799
8595 2799 8676 2853
7335 2808 7344 2880
7677 2817 7758 2844
7047 2826 7056 2898
873 2835 945 2898
2421 2844 2439 2862
1341 2853 1350 2934
5751 2862 5832 2943
5490 2871 5526 2943
8010 2880 8073 2970
4968 2889 4986 2961
6993 2898 7083 2970
5094 2907 5121 2979
5769 2916 5823 2997
2682 2925 2727 2979
6984 2934 7038 2997
3852 2943 3897 3024
2772 2952 2808 3033
1773 2961 1827 2988
6966 2970 7020 2979
2925 2979 2997 3015
3708 2988 3780 3015
3789 2997 3825 3042
3951 3006 3996 3024
1431 3015 1485 3087
3186 3024 3204 3051
8748 3033 8766 3096
7668 3042 7677 3069
4338 3051 4428 3123
1386 3060 1422 3114
4554 3069 4572 3114
7110 3078 7146 3096
1548 3087 1620 3159
7731 3096 7812 3114
2520 3105 2592 3168
5310 3114 5328 3123
3168 3123 3222 3141
621 3132 693 3150
747 3141 765 3168
2700 3150 2763 3231
6003 3159 6048 3249
288 3168 333 3213
7875 3177 7965 3195
3708 3186 3789 3276
5724 3195 5733 3258
7596 3204 7605 3294
7326 3213 7380 3258
2934 3222 2997 3258
351 3231 441 3285
1368 3240 1386 3276
7110 3249 7200 3339
5679 3258 5715 3303
6615 3267 6696 3321
7893 3276 7929 3312
1782 3285 1872 3339
1395 3294 1431 3375
1404 3303 1413 3339
7407 3312 7470 3330
3222 3321 3294 3330
2205 3330 2223 3348
8910 3339 8946 3348
900 3348 945 3402
3276 3357 3303 3402
5931 3366 6021 3456
7596 3375 7686 3456
4959 3384 5022 3420
171 3393 207 3429
2736 3402 2799 3420
4275 3411 4338 3429
8703 3420 8730 3447
6561 3429 6588 3510
1179 3438 1206 3483
1863 3447 1944 3510
1647 3456 1719 3528
4248 3465 4284 3537
558 3474 612 3510
7173 3483 7236 3564
1269 3492 1305 3555
4266 3501 4275 3537
4365 3510 4446 3564
270 3519 360 3609
8082 3528 8091 3555
3816 3537 3906 3546
5769 3546 5796 3555
4320 3555 4383 3591
7101 3564 7110 3645
6507 3573 6588 3645
4437 3582 4455 3591
1980 3591 2034 3600
5517 3600 5535 3681
2430 3609 2448 3681
7461 3618 7479 3627
6687 3627 6741 3717
216 3636 297 3681
3474 3645 3564 3672
8721 3654 8730 3690
270 3663 306 3699
5283 3672 5373 3717
5841 3681 5931 3699
3051 3690 3096 3717
2970 3699 3033 3753
3141 3708 3195 3771
7929 3717 7947 3762
1197 3726 1269 3753
2583 3735 2619 3771
4671 3744 4698 3789
2196 3753 2241 3843
2331 3762 2367 3843
3177 3771 3204 3861
6345 3780 6390 3816
7191 3789 7236 3879
2835 3798 2889 3870
7677 3807 7767 3816
4383 3816 4410 3888
5058 3825 5148 3834
1845 3834 1854 3879
8199 3843 8271 3933
3627 3852 3690 3879
7389 3861 7416 3915
3987 3870 4077 3888
4752 3879 4833 3951
6300 3888 6354 3915
7083 3897 7173 3915
5301 3906 5364 3942
3834 3915 3915 3960
324 3924 387 3996
828 3933 900 3978
8289 3942 8298 3951
1494 3951 1539 3996
1107 3960 1179 3996
4356 3969 4428 3996
8379 3978 8451 4068
1485 3987 1548 4068
621 3996 675 4050
3798 4005 3816 4059
5121 4014 5211 4032
6084 4023 6111 4041
3060 4032 3114 4068
1548 4041 1566 4131
4743 4050 4806 4131
7308 4059 7317 4122
1116 4068 1152 4104
1674 4077 1764 4086
7146 4086 7227 4140
1269 4095 1296 4185
3933 4104 3969 4185
5310 4113 5400 4140
4617 4122 4635 4203
2313 4131 2358 4149
3114 4140 3150 4221
2025 4149 2079 4158
3789 4158 3816 4221
5706 4167 5787 4221
3204 4176 3231 4230
4248 4185 4311 4275
999 4194 1035 4230
5949 4203 6003 4230
1944 4212 2034 4257
3096 4221 3159 4230
2403 4230 2448 4266
6813 4239 6903 4248
5850 4248 5877 4275
7884 4257 7974 4266
8577 4266 8631 4320
5382 4275 5454 4293
8433 4284 8442 4347
4860 4293 4905 4311
747 4302 756 4329
5481 4311 5544 4320
8451 4320 8487 4374
2736 4329 2772 4392
1476 4338 1512 4356
3141 4347 3159 4356
3051 4356 3096 4410
8874 4365 8901 4419
711 4374 729 4446
3663 4383 3708 4401
5049 4392 5139 4410
477 4401 558 4473
4446 4410 4536 4446
5229 4419 5265 4500
1683 4428 1773 4464
3942 4437 4023 4482
2880 4446 2889 4527
4374 4455 4455 4482
4167 4464 4248 4518
90 4473 144 4563
1278 4482 1341 4563
3825 4491 3852 4572
7677 4500 7740 4572
6732 4509 6804 4536
4644 4518 4707 4545
1431 4527 1503 4536
4977 4536 5049 4563
27 4545 81 4563
963 4554 1044 4644
1386 4563 1404 4626
3006 4572 3042 4626
7056 4581 7137 4653
6867 4590 6903 4644
5040 4599 5058 4644
1665 4608 1737 4617
873 4617 954 4707
3141 4626 3177 4716
5706 4635 5769 4680
5265 4644 5319 4698
8874 4653 8883 4716
8028 4662 8091 4752
5121 4671 5148 4761
3294 4680 3348 4734
7497 4689 7578 4752
7623 4698 7659 4761
2700 4707 2727 4770
5661 4716 5697 4725
4572 4725 4644 4788
6975 4734 7002 4779
4860 4743 4869 4806
4662 4752 4716 4797
4491 4761 4536 4824
8172 4770 8208 4797
2727 4779 2790 4806
3888 4788 3933 4860
7290 4797 7335 4887
5364 4806 5418 4851
6264 4815 6309 4842
4185 4824 4203 4887
3249 4833 3285 4905
1683 4842 1701 4869
8829 4851 8838 4932
7911 4860 7920 4878
2637 4869 2682 4950
1215 4878 1296 4905
8478 4887 8487 4950
1467 4896 1530 4914
4500 4905 4554 4977
2106 4914 2133 4923
8550 4923 8586 4959
3051 4932 3060 4977
2637 4941 2673 4986
3438 4950 3483 5004
2907 4959 2988 4977
8559 4968 8595 4986
4185 4977 4266 4995
7317 4986 7353 5076
8793 4995 8847 5040
4176 5004 4266 5067
963 5013 990 5031
6660 5022 6678 5058
5283 5031 5355 5094
7137 5040 7227 5058
5580 5049 5625 5067
3339 5058 3420 5121
4806 5067 4842 5112
5103 5076 5175 5085
603 5085 648 5139
3897 5094 3906 5166
1188 5103 1278 5193
4707 5112 4716 5139
1323 5121 1413 5211
3015 5130 3042 5139
8712 5139 8748 5193
3051 5148 3114 5202
8424 5157 8460 5166
468 5166 477 5238
1836 5175 1908 5211
4860 5184 4878 5247
8973 5193 9000 5265
7902 5202 7983 5292
1530 5211 1602 5292
4680 5220 4716 5238
5940 5229 5976 5292
2403 5238 2439 5265
2628 5247 2646 5301
4977 5256 5013 5337
7758 5265 7839 5319
1782 5274 1791 5355
3384 5283 3474 5319
4527 5292 4599 5337
6057 5301 6129 5319
7407 5310 7497 5373
396 5319 423 5328
108 5328 198 5382
6723 5337 6768 5400
1206 5346 1296 5364
6678 5355 6714 5373
5742 5364 5760 5400
8622 5373 8712 5400
4356 5382 4410 5400
810 5391 819 5409
8307 5400 8343 5409
2880 5409 2889 5436
8568 5418 8595 5463
7263 5427 7353 5508
4725 5436 4770 5508
1422 5445 1485 5454
5040 5454 5103 5499
8757 5463 8829 5517
6732 5472 6750 5481
3681 5481 3717 5490
7488 5490 7551 5535
7497 5499 7578 5562
1143 5508 1152 5589
5679 5517 5769 5598
3069 5526 3132 5571
4122 5535 4176 5544
8109 5544 8163 5634
7803 5553 7812 5616
6588 5562 6669 5652
6345 5571 6354 5598
4113 5580 4140 5661
4149 5589 4221 5661
1521 5598 1593 5688
4842 5607 4923 5697
162 5616 171 5670
3528 5625 3537 5652
6786 5634 6822 5706
6687 5643 6696 5652
189 5652 243 5733
6480 5661 6489 5670
5706 5670 5778 5724
8847 5679 8865 5724
1278 5688 1287 5706
567 5697 576 5706
4986 5706 5067 5733
4428 5715 4437 5742
306 5724 360 5805
846 5733 855 5814
5796 5742 5823 5796
7056 5751 7083 5823
8325 5760 8397 5814
5418 5769 5445 5850
2664 5778 2727 5787
7560 5787 7650 5805
4608 5796 4671 5886
5886 5805 5967 5832
3852 5814 3879 5886
792 5823 855 5895
7173 5832 7182 5922
6246 5841 6300 5886
7038 5850 7065 5886
7821 5859 7884 5913
3753 5868 3798 5904
2691 5877 2736 5922
3150 5886 3213 5895
2628 5895 2655 5976
1476 5904 1512 5922
6489 5913 6507 6003
3690 5922 3699 5931
8118 5931 8172 6003
8244 5940 8334 5958
3951 5949 4032 6021
7254 5958 7308 5976
4599 5967 4644 6048
2385 5976 2457 6039
8784 5985 8874 6003
1206 5994 1242 6057
1143 6003 1206 6093
6273 6012 6336 6021
7551 6021 7560 6093
8874 6030 8937 6111
6903 6039 6975 6102
1224 6048 1278 6084
333 6057 396 6147
3303 6066 3330 6129
8406 6075 8415 6147
855 6084 900 6093
5679 6093 5706 6174
5670 6102 5688 6156
2178 6111 2187 6183
1449 6120 1512 6165
1521 6129 1575 6165
1215 6138 1233 6156
1620 6147 1629 6219
8100 6156 8181 6174
8964 6165 9000 6183
1026 6174 1116 6255
3744 6183 3771 6210
5625 6192 5652 6228
4518 6201 4590 6237
8541 6210 8550 6228
2115 6219 2124 6282
7191 6228 7263 6318
4518 6237 4599 6327
7191 6246 7272 6336
117 6255 180 6291
6894 6264 6903 6309
1746 6273 1836 6336
6984 6282 7029 6300
1881 6291 1962 6300
6156 6300 6246 6309
7515 6309 7569 6318
7029 6318 7092 6327
3258 6327 3339 6408
2376 6336 2466 6417
7677 6345 7722 6390
6921 6354 6939 6426
945 6363 1017 6426
1278 6372 1323 6399
5085 6381 5139 6390
2385 6390 2412 6480
963 6399 1035 6462
5022 6408 5040 6435
1440 6417 1476 6444
342 6426 414 6471
7164 6435 7200 6516
3870 6444 3915 6534
3663 6453 3753 6525
4455 6462 4473 6498
8703 6471 8784 6480
261 6480 315 6507
5679 6489 5715 6516
63 6498 99 6534
5958 6507 5994 6588
864 6516 882 6579
990 6525 1080 6543
621 6534 639 6588
810 6543 900 6588
3321 6552 3384 6633
6138 6561 6183 6624
2655 6570 2691 6615
1683 6579 1728 6651
2259 6588 2304 6597
5076 6597 5157 6633
1737 6606 1782 6669
3609 6615 3663 6669
3546 6624 3609 6687
5301 6633 5364 6705
7155 6642 7218 6687
7227 6651 7236 6660
7938 6660 7992 6696
5832 6669 5886 6678
4545 6678 4608 6741
603 6687 639 6732
7110 6696 7191 6705
6912 6705 6930 6759
837 6714 891 6732
2259 6723 2304 6732
5859 6732 5877 6813
3915 6741 3987 6822
2475 6750 2493 6813
1800 6759 1890 6777
7578 6768 7623 6858
5040 6777 5058 6822
5976 6786 6012 6813
8595 6795 8613 6831
4878 6804 4941 6813
4464 6813 4554 6876
2322 6822 2331 6903
7614 6831 7686 6885
2646 6840 2691 6903
2250 6849 2304 6903
2277 6858 2367 6876
4995 6867 5004 6912
6471 6876 6534 6948
5796 6885 5832 6894
6561 6894 6624 6957
3330 6903 3375 6957
7722 6912 7749 6993
2574 6921 2655 6975
4617 6930 4662 6939
3789 6939 3861 7011
5922 6948 5931 7029
6561 6957 6633 7038
477 6966 567 7038
6948 6975 7002 6984
2718 6984 2763 7065
3960 6993 4023 7020
774 7002 828 7065
8514 7011 8550 7056
6759 7020 6831 7038
7497 7029 7506 7110
3528 7038 3618 7047
2439 7047 2448 7128
3429 7056 3492 7128
3492 7065 3573 7092
8559 7074 8595 7155
2331 7083 2367 7137
4626 7092 4644 7119
8748 7101 8820 7173
1161 7110 1179 7155
5670 7119 5715 7191
702 7128 774 7191
702 7137 711 7218
1674 7146 1692 7191
7425 7155 7452 7209
5751 7164 5787 7245
3222 7173 3267 7209
495 7182 504 7236
5301 7191 5337 7236
2214 7200 2241 7254
8037 7209 8064 7218
8550 7218 8559 7308
3852 7227 3861 7317
504 7236 576 7263
2169 7245 2214 7290
4122 7254 4167 7344
5922 7263 5967 7308
2529 7272 2619 7335
1062 7281 1071 7371
6867 7290 6930 7326
2862 7299 2952 7353
8730 7308 8748 7380
999 7317 1089 7398
108 7326 171 7398
495 7335 585 7371
8811 7344 8901 7416
801 7353 873 7389
8955 7362 8964 7407
1899 7371 1989 7416
6399 7380 6444 7416
2934 7389 2979 7416
5688 7398 5760 7461
6849 7407 6930 7461
3969 7416 3987 7452
1890 7425 1953 7470
8046 7434 8118 7488
4347 7443 4428 7470
3033 7452 3069 7506
1917 7461 1989 7506
8982 7470 8991 7479
5769 7479 5832 7524
315 7488 396 7524
1179 7497 1206 7524
6381 7506 6435 7560
7416 7515 7479 7551
639 7524 666 7533
8154 7533 8208 7551
8901 7542 8946 7587
5904 7551 5985 7569
8730 7560 8811 7578
918 7569 1008 7650
162 7578 225 7659
378 7587 387 7614
2556 7596 2646 7677
4149 7605 4203 7668
8316 7614 8379 7695
3204 7623 3240 7677
7623 7632 7668 7659
6696 7641 6705 7668
2313 7650 2340 7659
4059 7659 4122 7677
2691 7668 2736 7758
4401 7677 4464 7767
7056 7686 7083 7695
2448 7695 2484 7758
7812 7704 7902 7731
7362 7713 7425 7785
2277 7722 2331 7758
1935 7731 2025 7785
2421 7740 2493 7830
6381 7749 6390 7803
2088 7758 2106 7767
4698 7767 4707 7830
3717 7776 3780 7866
2376 7785 2457 7830
2250 7794 2331 7839
7146 7803 7227 7830
7236 7812 7263 7884
2403 7821 2493 7911
1737 7830 1827 7911
2286 7839 2295 7920
7650 7848 7704 7938
3150 7857 3240 7875
1332 7866 1359 7947
1593 7875 1656 7956
8586 7884 8667 7974
6282 7893 6318 7965
4230 7902 4302 7920
4221 7911 4284 7947
3960 7920 3978 7965
2592 7929 2655 7992
7344 7938 7407 7956
243 7947 324 7974
531 7956 594 8010
3591 7965 3636 8001
8703 7974 8784 8001
6192 7983 6273 8055
6084 7992 6093 8037
2151 8001 2169 8028
2178 8010 2205 8055
2754 8019 2763 8046
4437 8028 4527 8109
3474 8037 3555 8100
4581 8046 4653 8073
5634 8055 5715 8136
5841 8064 5922 8145
1629 8073 1692 8154
6480 8082 6525 8163
126 8091 171 8118
6651 8100 6714 8145
6615 8109 6669 8154
2313 8118 2322 8172
4563 8127 4626 8172
4347 8136 4401 8172
333 8145 369 8172
3132 8154 3168 8163
3312 8163 3375 8226
1341 8172 1413 8190
1431 8181 1467 8253
1989 8190 2016 8226
6975 8199 7047 8208
4158 8208 4221 8217
873 8217 909 8289
549 8226 630 8271
1053 8235 1116 8316
8631 8244 8694 8280
2331 8253 2394 8343
513 8262 567 8325
270 8271 324 8298
3753 8280 3816 8343
7317 8289 7344 8334
4707 8298 4770 8307
3546 8307 3582 8370
1467 8316 1539 8361
3051 8325 3096 8352
4941 8334 4977 8415
3978 8343 4023 8397
8136 8352 8172 8379
2718 8361 2763 8433
36 8370 54 8433
909 8379 972 8460
2943 8388 2952 8433
8451 8397 8514 8487
4005 8406 4023 8469
6120 8415 6147 8442
288 8424 315 8496
1827 8433 1890 8451
5040 8442 5049 8514
2268 8451 2304 8469
3960 8460 4032 8505
432 8469 441 8487
1332 8478 1404 8514
4986 8487 5058 8505
3267 8496 3312 8541
3078 8505 3123 8568
2286 8514 2376 8595
6876 8523 6903 8577
6993 8532 7020 8604
6336 8541 6381 8550
5175 8550 5238 8559
1440 8559 1485 8568
5607 8568 5634 8577
4392 8577 4455 8667
1341 8586 1368 8622
7425 8595 7470 8676
1359 8604 1368 8676
3438 8613 3483 8703
8631 8622 8658 8658
7074 8631 7137 8703
1503 8640 1548 8703
7281 8649 7344 8658
981 8658 1071 8712
4059 8667 4131 8703
630 8676 711 8730
6876 8685 6912 8775
5076 8694 5139 8721
4527 8703 4608 8766
3888 8712 3960 8721
8703 8721 8766 8793
2736 8730 2772 8748
2628 8739 2673 8811
2475 8748 2529 8829
3600 8757 3672 8829
5157 8766 5229 8838
1431 8775 1467 8802
7650 8784 7722 8865
8118 8793 8127 8865
3879 8802 3924 8865
7749 8811 7767 8838
8082 8820 8163 8892
7389 8829 7398 8847
7110 8838 7182 8928
7020 8847 7092 8910
2511 8856 2547 8892
3924 8865 3969 8955
3852 8874 3897 8937
6831 8883 6921 8955
4122 8892 4131 8910
4356 8901 4392 8955
2961 8910 3006 8946
1422 8919 1476 8973
7038 8928 7119 8964
4500 0 4509 9000
-1 -1 -1 -1
3447 0 3510 72
8235 9 8271 63
3474 18 3501 108
3789 27 3816 99
6210 36 6300 72
8334 45 8343 108
1548 54 1611 72
3312 63 3384 153
7038 72 7047 99
1107 81 1179 135
8361 90 8388 117
522 99 612 171
3537 108 3600 126
378 117 468 153
3789 126 3879 171
4833 135 4914 180
2835 144 2844 180
4734 153 4752 162
8604 162 8640 189
1530 171 1593 189
2745 180 2799 225
2943 189 3006 243
7614 198 7704 234
7713 207 7758 261
5238 216 5292 261
3303 225 3348 270
387 234 396 306
7272 243 7335 324
7092 252 7137 288
5859 261 5904 351
8388 270 8397 333
3312 279 3402 306
2034 288 2097 333
4851 297 4905 306
3906 306 3987 378
5409 315 5481 342
2853 324 2880 351
6804 333 6822 342
2574 342 2592 396
6201 351 6246 441
3960 360 4050 378
1053 369 1125 387
4329 378 4383 468
8343 387 8415 450
4473 396 4509 459
8685 405 8748 441
1971 414 2016 495
7839 423 7866 513
4527 432 4617 441
3312 441 3393 495
3060 450 3150 513
6507 459 6588 513
7614 468 7632 486
4995 477 5085 558
6876 486 6957 504
3150 495 3186 504
306 504 351 549
8226 513 8298 576
6687 522 6705 594
3285 531 3375 594
3888 540 3906 612
2052 549 2106 621
4266 558 4284 639
3555 567 3645 639
2115 576 2151 657
3852 585 3888 603
8352 594 8442 657
3636 603 3672 639
5517 612 5598 675
7560 621 7605 702
1152 630 1233 720
8253 639 8325 702
2916 648 2952 657
1647 657 1656 747
6948 666 7002 711
5310 675 5364 765
8586 684 8649 774
738 693 765 738
1773 702 1845 756
7236 711 7317 729
5598 720 5679 810
3087 729 3150 810
3060 738 3087 756
7290 747 7344 765
5949 756 5958 837
2745 765 2754 828
3996 774 4059 801
4185 783 4266 846
2538 792 2619 837
5733 801 5760 846
5400 810 5463 837
8091 819 8181 828
4212 828 4230 864
1179 837 1197 846
8397 846 8442 855
1467 855 1557 873
8091 864 8154 954
6957 873 6993 954
1710 882 1764 945
4194 891 4239 900
810 900 855 963
4878 909 4941 981
4005 918 4068 1008
3762 927 3834 954
3132 936 3159 1026
81 945 144 954
3078 954 3150 1017
2709 963 2745 990
2889 972 2943 1062
5391 981 5409 1026
8451 990 8469 999
6003 999 6057 1080
1143 1008 1152 1053
5922 1017 5931 1062
3798 1026 3888 1089
729 1035 738 1080
2628 1044 2655 1071
7650 1053 7704 1107
1998 1062 2088 1071
378 1071 459 1107
2682 1080 2691 1125
5310 1089 5400 1107
7371 1098 7434 1125
1395 1107 1440 1152
3411 1116 3501 1152
6984 1125 6993 1179
7740 1134 7767 1224
7956 1143 7992 1197
5589 1152 5661 1197
5517 1161 5535 1206
2934 1170 3024 1215
1818 1179 1845 1242
7056 1188 7074 1215
7812 1197 7893 1287
7848 1206 7929 1287
4482 1215 4545 1296
6777 1224 6858 1260
2997 1233 3033 1314
8010 1242 8055 1314
6714 1251 6795 1341
4500 1260 4563 1341
7173 1269 7263 1278
2727 1278 2763 1314
4473 1287 4509 1314
6174 1296 6228 1323
8964 1305 9000 1386
1413 1314 1503 1377
4140 1323 4185 1341
4140 1332 4185 1413
243 1341 252 1422
5004 1350 5031 1395
6273 1359 6363 1395
351 1368 378 1449
3627 1377 3636 1395
5823 1386 5904 1476
1359 1395 1413 1440
3051 1404 3078 1458
1143 1413 1188 1503
441 1422 486 1476
3861 1431 3897 1485
1593 1440 1602 1521
8739 1449 8829 1539
3303 1458 3384 1485
7155 1467 7191 1512
7461 1476 7470 1503
3060 1485 3078 1575
7434 1494 7461 1512
378 1503 387 1575
207 1512 225 1530
2781 1521 2790 1575
8964 1530 9000 1602
2106 1539 2115 1602
4716 1548 4788 1593
1512 1557 1566 1638
2808 1566 2871 1575
3114 1575 3177 1620
8244 1584 8271 1665
4761 1593 4824 1602
5823 1602 5832 1620
720 1611 738 1647
7713 1620 7785 1647
7974 1629 8019 1683
4608 1638 4617 1665
4311 1647 4320 1737
1701 1656 1746 1710
5769 1665 5778 1701
8883 1674 8964 1755
5094 1683 5103 1728
7704 1692 7776 1755
2340 1701 2430 1773
1845 1710 1935 1782
4662 1719 4716 1755
7857 1728 7938 1764
5733 1737 5823 1773
5463 1746 5544 1818
2826 1755 2844 1845
900 1764 990 1845
3942 1773 3996 1854
666 1782 702 1854
6129 1791 6165 1872
2430 1800 2520 1872
7551 1809 7641 1845
5598 1818 5643 1854
7623 1827 7641 1854
6138 1836 6147 1863
7119 1845 7191 1899
4689 1854 4761 1899
4419 1863 4491 1881
2079 1872 2097 1944
6660 1881 6705 1890
882 1890 936 1908
4644 1899 4707 1926
2079 1908 2169 1971
3636 1917 3717 1926
1962 1926 1980 1935
7758 1935 7785 2025
8793 1944 8847 2007
8136 1953 8199 1989
1863 1962 1953 2034
6696 1971 6786 1989
1143 1980 1152 2043
5040 1989 5121 2043
5067 1998 5157 2043
6399 2007 6453 2052
2619 2016 2673 2070
5526 2025 5616 2106
8937 2034 9000 2088
7938 2043 7965 2070
6453 2052 6462 2088
5166 2061 5229 2097
4374 2070 4410 2106
666 2079 711 2115
1611 2088 1683 2115
6975 2097 7056 2187
6390 2106 6417 2151
153 2115 216 2169
1233 2124 1251 2160
8487 2133 8523 2214
8325 2142 8343 2151
162 2151 234 2214
8667 2160 8721 2169
7722 2169 7731 2214
5139 2178 5157 2214
6165 2187 6255 2223
5436 2196 5454 2250
2250 2205 2331 2241
4365 2214 4428 2268
5751 2223 5841 2232
8703 2232 8766 2268
6093 2241 6156 2259
7785 2250 7794 2313
8595 2259 8604 2340
1899 2268 1926 2295
1764 2277 1854 2295
2430 2286 2475 2313
3843 2295 3888 2304
2547 2304 2574 2385
7470 2313 7506 2385
8550 2322 8559 2358
6426 2331 6516 2358
423 2340 468 2367
3915 2349 3942 2394
8586 2358 8622 2439
4374 2367 4383 2448
1431 2376 1458 2403
6147 2385 6165 2466
6507 2394 6552 2421
1098 2403 1143 2457
7389 2412 7461 2466
6723 2421 6741 2484
2421 2430 2502 2448
6327 2439 6363 2475
8163 2448 8253 2529
7254 2457 7326 2466
756 2466 837 2511
6282 2475 6300 2538
8082 2484 8136 2511
1539 2493 1629 2583
4554 2502 4563 2565
2016 2511 2106 2601
0 2520 81 2610
477 2529 495 2574
3042 2538 3132 2601
603 2547 675 2583
7083 2556 7101 2583
1098 2565 1116 2619
7650 2574 7740 2583
2286 2583 2295 2601
7317 2592 7389 2637
1629 2601 1647 2637
6480 2610 6516 2637
1629 2619 1701 2673
2664 2628 2718 2673
6498 2637 6525 2655
2673 2646 2700 2691
1629 2655 1692 2709
513 2664 594 2718
8991 2673 9000 2745
4347 2682 4410 2727
8793 2691 8883 2763
8388 2700 8415 2718
2394 2709 2430 2718
6138 2718 6156 2772
774 2727 828 2736
8910 2736 8946 2781
4284 2745 4347 2754
8028 2754 8082 2835
7551 2763 7605 2772
1224 2772 1233 2853
5787 2781 5859 2862
5238 2790 5256 2799
8595 2799 8676 2853
7335 2808 7344 2880
7677 2817 7758 2844
7047 2826 7056 2898
873 2835 945 2898
2421 2844 2439 2862
1341 2853 1350 2934
5751 2862 5832 2943
5490 2871 5526 2943
8010 2880 8073 2970
4968 2889 4986 2961
6993 2898 7083 2970
5094 2907 5121 2979
5769 2916 5823 2997
2682 2925 2727 2979
6984 2934 7038 2997
3852 2943 3897 3024
2772 2952 2808 3033
1773 2961 1827 2988
6966 2970 7020 2979
2925 2979 2997 3015
3708 2988 3780 3015
3789 2997 3825 3042
3951 3006 3996 3024
1431 3015 1485 3087
3186 3024 3204 3051
8748 3033 8766 3096
7668 3042 7677 3069
4338 3051 4428 3123
1386 3060 1422 3114
4554 3069 4572 3114
7110 3078 7146 3096
1548 3087 1620 3159
7731 3096 7812 3114
2520 3105 2592 3168
5310 3114 5328 3123
3168 3123 3222 3141
621 3132 693 3150
747 3141 765 3168
2700 3150 2763 3231
6003 3159 6048 3249
288 3168 333 3213
7875 3177 7965 3195
3708 3186 3789 3276
5724 3195 5733 3258
7596 3204 7605 3294
7326 3213 7380 3258
2934 3222 2997 3258
351 3231 441 3285
1368 3240 1386 3276
7110 3249 7200 3339
5679 3258 5715 3303
6615 3267 6696 3321
7893 3276 7929 3312
1782 3285 1872 3339
1395 3294 1431 3375
1404 3303 1413 3339
7407 3312 7470 3330
3222 3321 3294 3330
2205 3330 2223 3348
8910 3339 8946 3348
900 3348 945 3402
3276 3357 3303 3402
5931 3366 6021 3456
7596 3375 7686 3456
4959 3384 5022 3420
171 3393 207 3429
2736 3402 2799 3420
4275 3411 4338 3429
8703 3420 8730 3447
6561 3429 6588 3510
1179 3438 1206 3483
1863 3447 1944 3510
1647 3456 1719 3528
4248 3465 4284 3537
558 3474 612 3510
7173 3483 7236 3564
1269 3492 1305 3555
4266 3501 4275 3537
4365 3510 4446 3564
270 3519 360 3609
8082 3528 8091 3555
3816 3537 3906 3546
5769 3546 5796 3555
4320 3555 4383 3591
7101 3564 7110 3645
6507 3573 6588 3645
4437 3582 4455 3591
1980 3591 2034 3600
5517 3600 5535 3681
2430 3609 2448 3681
7461 3618 7479 3627
6687 3627 6741 3717
216 3636 297 3681
3474 3645 3564 3672
8721 3654 8730 3690
270 3663 306 3699
5283 3672 5373 3717
5841 3681 5931 3699
3051 3690 3096 3717
2970 3699 3033 3753
3141 3708 3195 3771
7929 3717 7947 3762
1197 3726 1269 3753
2583 3735 2619 3771
4671 3744 4698 3789
2196 3753 2241 3843
2331 3762 2367 3843
3177 3771 3204 3861
6345 3780 6390 3816
7191 3789 7236 3879
2835 3798 2889 3870
7677 3807 7767 3816
4383 3816 4410 3888
5058 3825 5148 3834
1845 3834 1854 3879
8199 3843 8271 3933
3627 3852 3690 3879
7389 3861 7416 3915
3987 3870 4077 3888
4752 3879 4833 3951
6300 3888 6354 3915
7083 3897 7173 3915
5301 3906 5364 3942
3834 3915 3915 3960
324 3924 387 3996
828 3933 900 3978
8289 3942 8298 3951
1494 3951 1539 3996
1107 3960 1179 3996
4356 3969 4428 3996
8379 3978 8451 4068
1485 3987 1548 4068
621 3996 675 4050
3798 4005 3816 4059
5121 4014 5211 4032
6084 4023 6111 4041
3060 4032 3114 4068
1548 4041 1566 4131
4743 4050 4806 4131
7308 4059 7317 4122
1116 4068 1152 4104
1674 4077 1764 4086
7146 4086 7227 4140
1269 4095 1296 4185
3933 4104 3969 4185
5310 4113 5400 4140
4617 4122 4635 4203
2313 4131 2358 4149
3114 4140 3150 4221
2025 4149 2079 4158
3789 4158 3816 4221
5706 4167 5787 4221
3204 4176 3231 4230
4248 4185 4311 4275
999 4194 1035 4230
5949 4203 6003 4230
1944 4212 2034 4257
3096 4221 3159 4230
2403 4230 2448 4266
6813 4239 6903 4248
5850 4248 5877 4275
7884 4257 7974 4266
8577 4266 8631 4320
5382 4275 5454 4293
8433 4284 8442 4347
4860 4293 4905 4311
747 4302 756 4329
5481 4311 5544 4320
8451 4320 8487 4374
2736 4329 2772 4392
1476 4338 1512 4356
3141 4347 3159 4356
3051 4356 3096 4410
8874 4365 8901 4419
711 4374 729 4446
3663 4383 3708 4401
5049 4392 5139 4410
477 4401 558 4473
4446 4410 4536 4446
5229 4419 5265 4500
1683 4428 1773 4464
3942 4437 4023 4482
2880 4446 2889 4527
4374 4455 4455 4482
4167 4464 4248 4518
90 4473 144 4563
1278 4482 1341 4563
3825 4491 3852 4572
7677 4500 7740 4572
6732 4509 6804 4536
4644 4518 4707 4545
1431 4527 1503 4536
4977 4536 5049 4563
27 4545 81 4563
963 4554 1044 4644
1386 4563 1404 4626
3006 4572 3042 4626
7056 4581 7137 4653
6867 4590 6903 4644
5040 4599 5058 4644
1665 4608 1737 4617
873 4617 954 4707
3141 4626 3177 4716
5706 4635 5769 4680
5265 4644 5319 4698
8874 4653 8883 4716
8028 4662 8091 4752
5121 4671 5148 4761
3294 4680 3348 4734
7497 4689 7578 4752
7623 4698 7659 4761
2700 4707 2727 4770
5661 4716 5697 4725
4572 4725 4644 4788
6975 4734 7002 4779
4860 4743 4869 4806
4662 4752 4716 4797
4491 4761 4536 4824
8172 4770 8208 4797
2727 4779 2790 4806
3888 4788 3933 4860
7290 4797 7335 4887
5364 4806 5418 4851
6264 4815 6309 4842
4185 4824 4203 4887
3249 4833 3285 4905
1683 4842 1701 4869
8829 4851 8838 4932
7911 4860 7920 4878
2637 4869 2682 4950
1215 4878 1296 4905
8478 4887 8487 4950
1467 4896 1530 4914
4500 4905 4554 4977
2106 4914 2133 4923
8550 4923 8586 4959
3051 4932 3060 4977
2637 4941 2673 4986
3438 4950 3483 5004
2907 4959 2988 4977
8559 4968 8595 4986
4185 4977 4266 4995
7317 4986 7353 5076
8793 4995 8847 5040
4176 5004 4266 5067
963 5013 990 5031
6660 5022 6678 5058
5283 5031 5355 5094
7137 5040 7227 5058
5580 5049 5625 5067
3339 5058 3420 5121
4806 5067 4842 5112
5103 5076 5175 5085
603 5085 648 5139
3897 5094 3906 5166
1188 5103 1278 5193
4707 5112 4716 5139
1323 5121 1413 5211
3015 5130 3042 5139
8712 5139 8748 5193
3051 5148 3114 5202
8424 5157 8460 5166
468 5166 477 5238
1836 5175 1908 5211
4860 5184 4878 5247
8973 5193 9000 5265
7902 5202 7983 5292
1530 5211 1602 5292
4680 5220 4716 5238
5940 5229 5976 5292
2403 5238 2439 5265
2628 5247 2646 5301
4977 5256 5013 5337
7758 5265 7839 5319
1782 5274 1791 5355
3384 5283 3474 5319
4527 5292 4599 5337
6057 5301 6129 5319
7407 5310 7497 5373
396 5319 423 5328
108 5328 198 5382
6723 5337 6768 5400
1206 5346 1296 5364
6678 5355 6714 5373
5742 5364 5760 5400
8622 5373 8712 5400
4356 5382 4410 5400
810 5391 819 5409
8307 5400 8343 5409
2880 5409 2889 5436
8568 5418 8595 5463
7263 5427 7353 5508
4725 5436 4770 5508
1422 5445 1485 5454
5040 5454 5103 5499
8757 5463 8829 5517
6732 5472 6750 5481
3681 5481 3717 5490
7488 5490 7551 5535
7497 5499 7578 5562
1143 5508 1152 5589
5679 5517 5769 5598
3069 5526 3132 5571
4122 5535 4176 5544
8109 5544 8163 5634
7803 5553 7812 5616
6588 5562 6669 5652
6345 5571 6354 5598
4113 5580 4140 5661
4149 5589 4221 5661
1521 5598 1593 5688
4842 5607 4923 5697
162 5616 171 5670
3528 5625 3537 5652
6786 5634 6822 5706
6687 5643 6696 5652
189 5652 243 5733
6480 5661 6489 5670
5706 5670 5778 5724
8847 5679 8865 5724
1278 5688 1287 5706
567 5697 576 5706
4986 5706 5067 5733
4428 5715 4437 5742
306 5724 360 5805
846 5733 855 5814
5796 5742 5823 5796
7056 5751 7083 5823
8325 5760 8397 5814
5418 5769 5445 5850
2664 5778 2727 5787
7560 5787 7650 5805
4608 5796 4671 5886
5886 5805 5967 5832
3852 5814 3879 5886
792 5823 855 5895
7173 5832 7182 5922
6246 5841 6300 5886
7038 5850 7065 5886
7821 5859 7884 5913
3753 5868 3798 5904
2691 5877 2736 5922
3150 5886 3213 5895
2628 5895 2655 5976
1476 5904 1512 5922
6489 5913 6507 6003
3690 5922 3699 5931
8118 5931 8172 6003
8244 5940 8334 5958
3951 5949 4032 6021
7254 5958 7308 5976
4599 5967 4644 6048
2385 5976 2457 6039
8784 5985 8874 6003
1206 5994 1242 6057
1143 6003 1206 6093
6273 6012 6336 6021
7551 6021 7560 6093
8874 6030 8937 6111
6903 6039 6975 6102
1224 6048 1278 6084
333 6057 396 6147
3303 6066 3330 6129
8406 6075 8415 6147
855 6084 900 6093
5679 6093 5706 6174
5670 6102 5688 6156
2178 6111 2187 6183
1449 6120 1512 6165
1521 6129 1575 6165
1215 6138 1233 6156
1620 6147 1629 6219
8100 6156 8181 6174
8964 6165 9000 6183
1026 6174 1116 6255
3744 6183 3771 6210
5625 6192 5652 6228
4518 6201 4590 6237
8541 6210 8550 6228
2115 6219 2124 6282
7191 6228 7263 6318
4518 6237 4599 6327
7191 6246 7272 6336
117 6255 180 6291
6894 6264 6903 6309
1746 6273 1836 6336
6984 6282 7029 6300
1881 6291 1962 6300
6156 6300 6246 6309
7515 6309 7569 6318
7029 6318 7092 6327
3258 6327 3339 6408
2376 6336 2466 6417
7677 6345 7722 6390
6921 6354 6939 6426
945 6363 1017 6426
1278 6372 1323 6399
5085 6381 5139 6390
2385 6390 2412 6480
963 6399 1035 6462
5022 6408 5040 6435
1440 6417 1476 6444
342 6426 414 6471
7164 6435 7200 6516
3870 6444 3915 6534
3663 6453 3753 6525
4455 6462 4473 6498
8703 6471 8784 6480
261 6480 315 6507
5679 6489 5715 6516
63 6498 99 6534
5958 6507 5994 6588
864 6516 882 6579
990 6525 1080 6543
621 6534 639 6588
810 6543 900 6588
3321 6552 3384 6633
6138 6561 6183 6624
2655 6570 2691 6615
1683 6579 1728 6651
2259 6588 2304 6597
5076 6597 5157 6633
1737 6606 1782 6669
3609 6615 3663 6669
3546 6624 3609 6687
5301 6633 5364 6705
7155 6642 7218 6687
7227 6651 7236 6660
7938 6660 7992 6696
5832 6669 5886 6678
4545 6678 4608 6741
603 6687 639 6732
7110 6696 7191 6705
6912 6705 6930 6759
837 6714 891 6732
2259 6723 2304 6732
5859 6732 5877 6813
3915 6741 3987 6822
2475 6750 2493 6813
1800 6759 1890 6777
7578 6768 7623 6858
5040 6777 5058 6822
5976 6786 6012 6813
8595 6795 8613 6831
4878 6804 4941 6813
4464 6813 4554 6876
2322 6822 2331 6903
7614 6831 7686 6885
2646 6840 2691 6903
2250 6849 2304 6903
2277 6858 2367 6876
4995 6867 5004 6912
6471 6876 6534 6948
5796 6885 5832 6894
6561 6894 6624 6957
3330 6903 3375 6957
7722 6912 7749 6993
2574 6921 2655 6975
4617 6930 4662 6939
3789 6939 3861 7011
5922 6948 5931 7029
6561 6957 6633 7038
477 6966 567 7038
6948 6975 7002 6984
2718 6984 2763 7065
3960 6993 4023 7020
774 7002 828 7065
8514 7011 8550 7056
6759 7020 6831 7038
7497 7029 7506 7110
3528 7038 3618 7047
2439 7047 2448 7128
3429 7056 3492 7128
3492 7065 3573 7092
8559 7074 8595 7155
2331 7083 2367 7137
4626 7092 4644 7119
8748 7101 8820 7173
1161 7110 1179 7155
5670 7119 5715 7191
702 7128 774 7191
702 7137 711 7218
1674 7146 1692 7191
7425 7155 7452 7209
5751 7164 5787 7245
3222 7173 3267 7209
495 7182 504 7236
5301 7191 5337 7236
2214 7200 2241 7254
8037 7209 8064 7218
8550 7218 8559 7308
3852 7227 3861 7317
504 7236 576 7263
2169 7245 2214 7290
4122 7254 4167 7344
5922 7263 5967 7308
2529 7272 2619 7335
1062 7281 1071 7371
6867 7290 6930 7326
2862 7299 2952 7353
8730 7308 8748 7380
999 7317 1089 7398
108 7326 171 7398
495 7335 585 7371
8811 7344 8901 7416
801 7353 873 7389
8955 7362 8964 7407
1899 7371 1989 7416
6399 7380 6444 7416
2934 7389 2979 7416
5688 7398 5760 7461
6849 7407 6930 7461
3969 7416 3987 7452
1890 7425 1953 7470
8046 7434 8118 7488
4347 7443 4428 7470
3033 7452 3069 7506
1917 7461 1989 7506
8982 7470 8991 7479
5769 7479 5832 7524
315 7488 396 7524
1179 7497 1206 7524
6381 7506 6435 7560
7416 7515 7479 7551
639 7524 666 7533
8154 7533 8208 7551
8901 7542 8946 7587
5904 7551 5985 7569
8730 7560 8811 7578
918 7569 1008 7650
162 7578 225 7659
378 7587 387 7614
2556 7596 2646 7677
4149 7605 4203 7668
8316 7614 8379 7695
3204 7623 3240 7677
7623 7632 7668 7659
6696 7641 6705 7668
2313 7650 2340 7659
4059 7659 4122 7677
2691 7668 2736 7758
4401 7677 4464 7767
7056 7686 7083 7695
2448 7695 2484 7758
7812 7704 7902 7731
7362 7713 7425 7785
2277 7722 2331 7758
1935 7731 2025 7785
2421 7740 2493 7830
6381 7749 6390 7803
2088 7758 2106 7767
4698 7767 4707 7830
3717 7776 3780 7866
2376 7785 2457 7830
2250 7794 2331 7839
7146 7803 7227 7830
7236 7812 7263 7884
2403 7821 2493 7911
1737 7830 1827 7911
2286 7839 2295 7920
7650 7848 7704 7938
3150 7857 3240 7875
1332 7866 1359 7947
1593 7875 1656 7956
8586 7884 8667 7974
6282 7893 6318 7965
4230 7902 4302 7920
4221 7911 4284 7947
3960 7920 3978 7965
2592 7929 2655 7992
7344 7938 7407 7956
243 7947 324 7974
531 7956 594 8010
3591 7965 3636 8001
8703 7974 8784 8001
6192 7983 6273 8055
6084 7992 6093 8037
2151 8001 2169 8028
2178 8010 2205 8055
2754 8019 2763 8046
4437 8028 4527 8109
3474 8037 3555 8100
4581 8046 4653 8073
5634 8055 5715 8136
5841 8064 5922 8145
1629 8073 1692 8154
6480 8082 6525 8163
126 8091 171 8118
6651 8100 6714 8145
6615 8109 6669 8154
2313 8118 2322 8172
4563 8127 4626 8172
4347 8136 4401 8172
333 8145 369 8172
3132 8154 3168 8163
3312 8163 3375 8226
1341 8172 1413 8190
1431 8181 1467 8253
1989 8190 2016 8226
6975 8199 7047 8208
4158 8208 4221 8217
873 8217 909 8289
549 8226 630 8271
1053 8235 1116 8316
8631 8244 8694 8280
2331 8253 2394 8343
513 8262 567 8325
270 8271 324 8298
3753 8280 3816 8343
7317 8289 7344 8334
4707 8298 4770 8307
3546 8307 3582 8370
1467 8316 1539 8361
3051 8325 3096 8352
4941 8334 4977 8415
3978 8343 4023 8397
8136 8352 8172 8379
2718 8361 2763 8433
36 8370 54 8433
909 8379 972 8460
2943 8388 2952 8433
8451 8397 8514 8487
4005 8406 4023 8469
6120 8415 6147 8442
288 8424 315 8496
1827 8433 1890 8451
5040 8442 5049 8514
2268 8451 2304 8469
3960 8460 4032 8505
432 8469 441 8487
1332 8478 1404 8514
4986 8487 5058 8505
3267 8496 3312 8541
3078 8505 3123 8568
2286 8514 2376 8595
6876 8523 6903 8577
6993 8532 7020 8604
6336 8541 6381 8550
5175 8550 5238 8559
1440 8559 1485 8568
5607 8568 5634 8577
4392 8577 4455 8667
1341 8586 1368 8622
7425 8595 7470 8676
1359 8604 1368 8676
3438 8613 3483 8703
8631 8622 8658 8658
7074 8631 7137 8703
1503 8640 1548 8703
7281 8649 7344 8658
981 8658 1071 8712
4059 8667 4131 8703
630 8676 711 8730
6876 8685 6912 8775
5076 8694 5139 8721
4527 8703 4608 8766
3888 8712 3960 8721
8703 8721 8766 8793
2736 8730 2772 8748
2628 8739 2673 8811
2475 8748 2529 8829
3600 8757 3672 8829
5157 8766 5229 8838
1431 8775 1467 8802
7650 8784 7722 8865
8118 8793 8127 8865
3879 8802 3924 8865
7749 8811 7767 8838
8082 8820 8163 8892
7389 8829 7398 8847
7110 8838 7182 8928
7020 8847 7092 8910
2511 8856 2547 8892
3924 8865 3969 8955
3852 8874 3897 8937
6831 8883 6921 8955
4122 8892 4131 8910
4356 8901 4392 8955
2961 8910 3006 8946
1422 8919 1476 8973
7038 8928 7119 8964
5949 8937 6030 8964
2223 8946 2232 9000
8658 8955 8721 8973
18 18 8982 27
18 8973 8982 8982
18 18 27 8982
8973 18 8982 8982
-1 -1 -1 -1
-1 -1 -1 -1
