25
115
3 3 3 3 3 3 3 3 3 3 3 3 3 3 3 3 3 3 3 3 3 3 3 3
19
24 27 30 33 36 39 42 45 48 51 54 57 60 63 66 69 72 75 78
33
21 23 25 27 29 31 33 35 37 39 41 43 45 47 49 51 53 55 57 59 61 63 65 67 69 71 73 75 77 79 81 83 85
12
65
6 6 6 6 6 6 6 6 6 6 6
32
3 4 5 6 7 8 9 10 11 12 13 14 15 16 17 18 19 20 21 22 23 24 25 26 27 28 29 30 31 32 33 34
47
26 27 28 29 30 31 32 33 34 35 36 37 38 39 40 41 42 43 44 45 46 47 48 49 50 51 52 53 54 55 56 57 58 59 60 61 62 63 64 65 66 67 68 69 70 71 72
34
181
1 1 1 1 1 1 1 1 1 1 1 1 1 1 1 1 1 1 1 1 1 1 1 1 1 1 1 1 1 1 1 1 1
27
25 29 33 37 41 45 49 53 57 61 65 69 73 77 81 85 89 93 97 101 105 109 113 117 121 125 129
31
31 35 39 43 47 51 55 59 63 67 71 75 79 83 87 91 95 99 103 107 111 115 119 123 127 131 135 139 143 147 151
20
180
9 9 9 9 9 9 9 9 9 9 9 9 9 9 9 9 9 9 9
49
15 17 19 21 23 25 27 29 31 33 35 37 39 41 43 45 47 49 51 53 55 57 59 61 63 65 67 69 71 73 75 77 79 81 83 85 87 89 91 93 95 97 99 101 103 105 107 109 111
12
32 37 42 47 52 57 62 67 72 77 82 87
3
119
39 39
30
23 25 27 29 31 33 35 37 39 41 43 45 47 49 51 53 55 57 59 61 63 65 67 69 71 73 75 77 79 81
40
25 26 27 28 29 30 31 32 33 34 35 36 37 38 39 40 41 42 43 44 45 46 47 48 49 50 51 52 53 54 55 56 57 58 59 60 61 62 63 64
16
132
5 5 5 5 5 5 5 5 5 5 5 5 5 5 5
10
14 17 20 23 26 29 32 35 38 41
5
36 52 68 84 100
19
166
4 4 4 4 4 4 4 4 4 4 4 4 4 4 4 4 4 4
6
35 55 75 95 115 135
28
12 17 22 27 32 37 42 47 52 57 62 67 72 77 82 87 92 97 102 107 112 117 122 127 132 137 142 147
5
52
7 7 7 7
31
7 8 9 10 11 12 13 14 15 16 17 18 19 20 21 22 23 24 25 26 27 28 29 30 31 32 33 34 35 36 37
40
0 1 2 3 4 5 6 7 8 9 10 11 12 13 14 15 16 17 18 19 20 21 22 23 24 25 26 27 28 29 30 31 32 33 34 35 36 37 38 39
3
65
13 13
15
20 22 24 26 28 30 32 34 36 38 40 42 44 46 48
8
38 41 44 47 50 53 56 59
12
104
6 6 6 6 6 6 6 6 6 6 6
41
25 26 27 28 29 30 31 32 33 34 35 36 37 38 39 40 41 42 43 44 45 46 47 48 49 50 51 52 53 54 55 56 57 58 59 60 61 62 63 64 65
48
36 37 38 39 40 41 42 43 44 45 46 47 48 49 50 51 52 53 54 55 56 57 58 59 60 61 62 63 64 65 66 67 68 69 70 71 72 73 74 75 76 77 78 79 80 81 82 83
31
159
1 1 1 1 1 1 1 1 1 1 1 1 1 1 1 1 1 1 1 1 1 1 1 1 1 1 1 1 1 1
28
23 27 31 35 39 43 47 51 55 59 63 67 71 75 79 83 87 91 95 99 103 107 111 115 119 123 127 131
48
40 41 42 43 44 45 46 47 48 49 50 51 52 53 54 55 56 57 58 59 60 61 62 63 64 65 66 67 68 69 70 71 72 73 74 75 76 77 78 79 80 81 82 83 84 85 86 87
30
166
6 6 6 6 6 6 6 6 6 6 6 6 6 6 6 6 6 6 6 6 6 6 6 6 6 6 6 6 6
45
0 2 4 6 8 10 12 14 16 18 20 22 24 26 28 30 32 34 36 38 40 42 44 46 48 50 52 54 56 58 60 62 64 66 68 70 72 74 76 78 80 82 84 86 88
37
31 33 35 37 39 41 43 45 47 49 51 53 55 57 59 61 63 65 67 69 71 73 75 77 79 81 83 85 87 89 91 93 95 97 99 101 103
7
42
4 4 4 4 4 4
35
39 40 41 42 43 44 45 46 47 48 49 50 51 52 53 54 55 56 57 58 59 60 61 62 63 64 65 66 67 68 69 70 71 72 73
33
37 38 39 40 41 42 43 44 45 46 47 48 49 50 51 52 53 54 55 56 57 58 59 60 61 62 63 64 65 66 67 68 69
3
67
1 1
18
0 2 4 6 8 10 12 14 16 18 20 22 24 26 28 30 32 34
50
6 7 8 9 10 11 12 13 14 15 16 17 18 19 20 21 22 23 24 25 26 27 28 29 30 31 32 33 34 35 36 37 38 39 40 41 42 43 44 45 46 47 48 49 50 51 52 53 54 55
13
109
1 1 1 1 1 1 1 1 1 1 1 1
50
20 21 22 23 24 25 26 27 28 29 30 31 32 33 34 35 36 37 38 39 40 41 42 43 44 45 46 47 48 49 50 51 52 53 54 55 56 57 58 59 60 61 62 63 64 65 66 67 68 69
42
28 29 30 31 32 33 34 35 36 37 38 39 40 41 42 43 44 45 46 47 48 49 50 51 52 53 54 55 56 57 58 59 60 61 62 63 64 65 66 67 68 69
14
190
7 7 7 7 7 7 7 7 7 7 7 7 7
36
23 25 27 29 31 33 35 37 39 41 43 45 47 49 51 53 55 57 59 61 63 65 67 69 71 73 75 77 79 81 83 85 87 89 91 93
16
23 24 25 26 27 28 29 30 31 32 33 34 35 36 37 38
8
161
17 17 17 17 17 17 17
40
29 32 35 38 41 44 47 50 53 56 59 62 65 68 71 74 77 80 83 86 89 92 95 98 101 104 107 110 113 116 119 122 125 128 131 134 137 140 143 146
31
26 29 32 35 38 41 44 47 50 53 56 59 62 65 68 71 74 77 80 83 86 89 92 95 98 101 104 107 110 113 116
12
123
6 6 6 6 6 6 6 6 6 6 6
29
17 18 19 20 21 22 23 24 25 26 27 28 29 30 31 32 33 34 35 36 37 38 39 40 41 42 43 44 45
18
27 28 29 30 31 32 33 34 35 36 37 38 39 40 41 42 43 44
5
19
2 2 2 2
10
39 39 39 39 39 39 39 39 39 39
48
17 18 19 20 21 22 23 24 25 26 27 28 29 30 31 32 33 34 35 36 37 38 39 40 41 42 43 44 45 46 47 48 49 50 51 52 53 54 55 56 57 58 59 60 61 62 63 64
11
116
11 11 11 11 11 11 11 11 11 11
48
12 14 16 18 20 22 24 26 28 30 32 34 36 38 40 42 44 46 48 50 52 54 56 58 60 62 64 66 68 70 72 74 76 78 80 82 84 86 88 90 92 94 96 98 100 102 104 106
32
32 33 34 35 36 37 38 39 40 41 42 43 44 45 46 47 48 49 50 51 52 53 54 55 56 57 58 59 60 61 62 63
3
17
5 5
20
29 30 31 32 33 34 35 36 37 38 39 40 41 42 43 44 45 46 47 48
32
25 26 27 28 29 30 31 32 33 34 35 36 37 38 39 40 41 42 43 44 45 46 47 48 49 50 51 52 53 54 55 56
7
114
5 5 5 5 5 5
17
8 9 10 11 12 13 14 15 16 17 18 19 20 21 22 23 24
26
21 24 27 30 33 36 39 42 45 48 51 54 57 60 63 66 69 72 75 78 81 84 87 90 93 96
5
97
10 10 10 10
46
13 14 15 16 17 18 19 20 21 22 23 24 25 26 27 28 29 30 31 32 33 34 35 36 37 38 39 40 41 42 43 44 45 46 47 48 49 50 51 52 53 54 55 56 57 58
34
27 28 29 30 31 32 33 34 35 36 37 38 39 40 41 42 43 44 45 46 47 48 49 50 51 52 53 54 55 56 57 58 59 60
26
160
1 1 1 1 1 1 1 1 1 1 1 1 1 1 1 1 1 1 1 1 1 1 1 1 1
38
26 28 30 32 34 36 38 40 42 44 46 48 50 52 54 56 58 60 62 64 66 68 70 72 74 76 78 80 82 84 86 88 90 92 94 96 98 100
46
11 13 15 17 19 21 23 25 27 29 31 33 35 37 39 41 43 45 47 49 51 53 55 57 59 61 63 65 67 69 71 73 75 77 79 81 83 85 87 89 91 93 95 97 99 101
10
66
3 3 3 3 3 3 3 3 3
21
5 7 9 11 13 15 17 19 21 23 25 27 29 31 33 35 37 39 41 43 45
2
12 15
16
158
7 7 7 7 7 7 7 7 7 7 7 7 7 7 7
15
16 17 18 19 20 21 22 23 24 25 26 27 28 29 30
38
40 43 46 49 52 55 58 61 64 67 70 73 76 79 82 85 88 91 94 97 100 103 106 109 112 115 118 121 124 127 130 133 136 139 142 145 148 151
16
100
1 1 1 1 1 1 1 1 1 1 1 1 1 1 1
32
38 39 40 41 42 43 44 45 46 47 48 49 50 51 52 53 54 55 56 57 58 59 60 61 62 63 64 65 66 67 68 69
49
13 14 15 16 17 18 19 20 21 22 23 24 25 26 27 28 29 30 31 32 33 34 35 36 37 38 39 40 41 42 43 44 45 46 47 48 49 50 51 52 53 54 55 56 57 58 59 60 61
8
118
6 6 6 6 6 6 6
6
20 29 38 47 56 65
10
11 18 25 32 39 46 53 60 67 74
33
169
5 5 5 5 5 5 5 5 5 5 5 5 5 5 5 5 5 5 5 5 5 5 5 5 5 5 5 5 5 5 5 5
2
20 26
16
31 32 33 34 35 36 37 38 39 40 41 42 43 44 45 46
12
132
10 10 10 10 10 10 10 10 10 10 10
42
4 7 10 13 16 19 22 25 28 31 34 37 40 43 46 49 52 55 58 61 64 67 70 73 76 79 82 85 88 91 94 97 100 103 106 109 112 115 118 121 124 127
27
36 38 40 42 44 46 48 50 52 54 56 58 60 62 64 66 68 70 72 74 76 78 80 82 84 86 88
13
162
1 1 1 1 1 1 1 1 1 1 1 1
15
32 40 48 56 64 72 80 88 96 104 112 120 128 136 144
15
25 28 31 34 37 40 43 46 49 52 55 58 61 64 67
6
172
1 1 1 1 1
7
17 37 57 77 97 117 137
30
3 6 9 12 15 18 21 24 27 30 33 36 39 42 45 48 51 54 57 60 63 66 69 72 75 78 81 84 87 90
2
153
70
32
20 23 26 29 32 35 38 41 44 47 50 53 56 59 62 65 68 71 74 77 80 83 86 89 92 95 98 101 104 107 110 113
27
29 30 31 32 33 34 35 36 37 38 39 40 41 42 43 44 45 46 47 48 49 50 51 52 53 54 55
9
37
2 2 2 2 2 2 2 2
11
35 36 37 38 39 40 41 42 43 44 45
44
9 10 11 12 13 14 15 16 17 18 19 20 21 22 23 24 25 26 27 28 29 30 31 32 33 34 35 36 37 38 39 40 41 42 43 44 45 46 47 48 49 50 51 52
3
58
9 9
12
20 22 24 26 28 30 32 34 36 38 40 42
9
19 20 21 22 23 24 25 26 27
18
83
1 1 1 1 1 1 1 1 1 1 1 1 1 1 1 1 1
38
26 27 28 29 30 31 32 33 34 35 36 37 38 39 40 41 42 43 44 45 46 47 48 49 50 51 52 53 54 55 56 57 58 59 60 61 62 63
30
8 9 10 11 12 13 14 15 16 17 18 19 20 21 22 23 24 25 26 27 28 29 30 31 32 33 34 35 36 37
4
24
7 7 7
31
36 37 38 39 40 41 42 43 44 45 46 47 48 49 50 51 52 53 54 55 56 57 58 59 60 61 62 63 64 65 66
2
5 8
4
27
4 4 4
8
10 11 12 13 14 15 16 17
39
14 15 16 17 18 19 20 21 22 23 24 25 26 27 28 29 30 31 32 33 34 35 36 37 38 39 40 41 42 43 44 45 46 47 48 49 50 51 52
2
28
3
3
29 30 31
13
2 4 6 8 10 12 14 16 18 20 22 24 26
20
129
4 4 4 4 4 4 4 4 4 4 4 4 4 4 4 4 4 4 4
28
31 33 35 37 39 41 43 45 47 49 51 53 55 57 59 61 63 65 67 69 71 73 75 77 79 81 83 85
29
40 42 44 46 48 50 52 54 56 58 60 62 64 66 68 70 72 74 76 78 80 82 84 86 88 90 92 94 96
6
123
19 19 19 19 19
12
15 16 17 18 19 20 21 22 23 24 25 26
9
20 24 28 32 36 40 44 48 52
6
49
4 4 4 4 4
45
23 24 25 26 27 28 29 30 31 32 33 34 35 36 37 38 39 40 41 42 43 44 45 46 47 48 49 50 51 52 53 54 55 56 57 58 59 60 61 62 63 64 65 66 67
36
37 38 39 40 41 42 43 44 45 46 47 48 49 50 51 52 53 54 55 56 57 58 59 60 61 62 63 64 65 66 67 68 69 70 71 72
7
56
2 2 2 2 2 2
35
5 6 7 8 9 10 11 12 13 14 15 16 17 18 19 20 21 22 23 24 25 26 27 28 29 30 31 32 33 34 35 36 37 38 39
18
29 30 31 32 33 34 35 36 37 38 39 40 41 42 43 44 45 46
16
78
1 1 1 1 1 1 1 1 1 1 1 1 1 1 1
20
3 4 5 6 7 8 9 10 11 12 13 14 15 16 17 18 19 20 21 22
40
19 20 21 22 23 24 25 26 27 28 29 30 31 32 33 34 35 36 37 38 39 40 41 42 43 44 45 46 47 48 49 50 51 52 53 54 55 56 57 58
8
124
1 1 1 1 1 1 1
1
29
22
16 17 18 19 20 21 22 23 24 25 26 27 28 29 30 31 32 33 34 35 36 37
6
51
6 6 6 6 6
23
3 5 7 9 11 13 15 17 19 21 23 25 27 29 31 33 35 37 39 41 43 45 47
44
24 25 26 27 28 29 30 31 32 33 34 35 36 37 38 39 40 41 42 43 44 45 46 47 48 49 50 51 52 53 54 55 56 57 58 59 60 61 62 63 64 65 66 67
5
79
16 16 16 16
3
34 42 50
30
35 36 37 38 39 40 41 42 43 44 45 46 47 48 49 50 51 52 53 54 55 56 57 58 59 60 61 62 63 64
9
57
7 7 7 7 7 7 7 7
3
20 25 30
2
14 20
12
153
13 13 13 13 13 13 13 13 13 13 13
22
7 9 11 13 15 17 19 21 23 25 27 29 31 33 35 37 39 41 43 45 47 49
10
18 21 24 27 30 33 36 39 42 45
5
47
2 2 2 2
4
11 15 19 23
12
6 9 12 15 18 21 24 27 30 33 36 39
17
81
4 4 4 4 4 4 4 4 4 4 4 4 4 4 4 4
21
2 3 4 5 6 7 8 9 10 11 12 13 14 15 16 17 18 19 20 21 22
10
33 37 41 45 49 53 57 61 65 69
11
76
3 3 3 3 3 3 3 3 3 3
8
21 23 25 27 29 31 33 35
35
19 20 21 22 23 24 25 26 27 28 29 30 31 32 33 34 35 36 37 38 39 40 41 42 43 44 45 46 47 48 49 50 51 52 53
23
155
1 1 1 1 1 1 1 1 1 1 1 1 1 1 1 1 1 1 1 1 1 1
37
19 20 21 22 23 24 25 26 27 28 29 30 31 32 33 34 35 36 37 38 39 40 41 42 43 44 45 46 47 48 49 50 51 52 53 54 55
7
26 35 44 53 62 71 80
4
77
2 2 2
46
24 25 26 27 28 29 30 31 32 33 34 35 36 37 38 39 40 41 42 43 44 45 46 47 48 49 50 51 52 53 54 55 56 57 58 59 60 61 62 63 64 65 66 67 68 69
46
18 19 20 21 22 23 24 25 26 27 28 29 30 31 32 33 34 35 36 37 38 39 40 41 42 43 44 45 46 47 48 49 50 51 52 53 54 55 56 57 58 59 60 61 62 63
4
39
1 1 1
6
29 30 31 32 33 34
34
6 7 8 9 10 11 12 13 14 15 16 17 18 19 20 21 22 23 24 25 26 27 28 29 30 31 32 33 34 35 36 37 38 39
3
96
15 15
28
21 23 25 27 29 31 33 35 37 39 41 43 45 47 49 51 53 55 57 59 61 63 65 67 69 71 73 75
29
21 22 23 24 25 26 27 28 29 30 31 32 33 34 35 36 37 38 39 40 41 42 43 44 45 46 47 48 49
6
22
2 2 2 2 2
22
0 1 2 3 4 5 6 7 8 9 10 11 12 13 14 15 16 17 18 19 20 21
30
38 39 40 41 42 43 44 45 46 47 48 49 50 51 52 53 54 55 56 57 58 59 60 61 62 63 64 65 66 67
8
33
4 4 4 4 4 4 4
19
26 27 28 29 30 31 32 33 34 35 36 37 38 39 40 41 42 43 44
20
27 28 29 30 31 32 33 34 35 36 37 38 39 40 41 42 43 44 45 46
9
38
1 1 1 1 1 1 1 1
1
39
24
10 11 12 13 14 15 16 17 18 19 20 21 22 23 24 25 26 27 28 29 30 31 32 33
2
0
1
30
13 14 15 16 17 18 19 20 21 22 23 24 25 26 27 28 29 30 31 32 33 34 35 36 37 38 39 40 41 42
34
38 39 40 41 42 43 44 45 46 47 48 49 50 51 52 53 54 55 56 57 58 59 60 61 62 63 64 65 66 67 68 69 70 71
4
14
4 4 4
35
25 26 27 28 29 30 31 32 33 34 35 36 37 38 39 40 41 42 43 44 45 46 47 48 49 50 51 52 53 54 55 56 57 58 59
18
5 6 7 8 9 10 11 12 13 14 15 16 17 18 19 20 21 22
2
3
1
34
8 9 10 11 12 13 14 15 16 17 18 19 20 21 22 23 24 25 26 27 28 29 30 31 32 33 34 35 36 37 38 39 40 41
2
22 18
21
151
2 2 2 2 2 2 2 2 2 2 2 2 2 2 2 2 2 2 2 2
24
21 25 29 33 37 41 45 49 53 57 61 65 69 73 77 81 85 89 93 97 101 105 109 113
5
17 38 59 80 101
15
93
6 6 6 6 6 6 6 6 6 6 6 6 6 6
8
16 24 32 40 48 56 64 72
6
28 31 34 37 40 43
30
158
1 1 1 1 1 1 1 1 1 1 1 1 1 1 1 1 1 1 1 1 1 1 1 1 1 1 1 1 1
18
24 29 34 39 44 49 54 59 64 69 74 79 84 89 94 99 104 109
44
26 27 28 29 30 31 32 33 34 35 36 37 38 39 40 41 42 43 44 45 46 47 48 49 50 51 52 53 54 55 56 57 58 59 60 61 62 63 64 65 66 67 68 69
8
82
5 5 5 5 5 5 5
1
20
21
17 18 19 20 21 22 23 24 25 26 27 28 29 30 31 32 33 34 35 36 37
9
98
7 7 7 7 7 7 7 7
3
4 17 30
3
1 17 33
4
22
3 3 3
28
21 22 23 24 25 26 27 28 29 30 31 32 33 34 35 36 37 38 39 40 41 42 43 44 45 46 47 48
13
19 20 21 22 23 24 25 26 27 28 29 30 31
5
25
6 6 6 6
33
18 19 20 21 22 23 24 25 26 27 28 29 30 31 32 33 34 35 36 37 38 39 40 41 42 43 44 45 46 47 48 49 50
2
20 22
17
75
3 3 3 3 3 3 3 3 3 3 3 3 3 3 3 3
28
31 32 33 34 35 36 37 38 39 40 41 42 43 44 45 46 47 48 49 50 51 52 53 54 55 56 57 58
49
22 23 24 25 26 27 28 29 30 31 32 33 34 35 36 37 38 39 40 41 42 43 44 45 46 47 48 49 50 51 52 53 54 55 56 57 58 59 60 61 62 63 64 65 66 67 68 69 70
3
22
5 5
19
7 8 9 10 11 12 13 14 15 16 17 18 19 20 21 22 23 24 25
48
34 35 36 37 38 39 40 41 42 43 44 45 46 47 48 49 50 51 52 53 54 55 56 57 58 59 60 61 62 63 64 65 66 67 68 69 70 71 72 73 74 75 76 77 78 79 80 81
3
33
5 5
39
27 28 29 30 31 32 33 34 35 36 37 38 39 40 41 42 43 44 45 46 47 48 49 50 51 52 53 54 55 56 57 58 59 60 61 62 63 64 65
42
28 29 30 31 32 33 34 35 36 37 38 39 40 41 42 43 44 45 46 47 48 49 50 51 52 53 54 55 56 57 58 59 60 61 62 63 64 65 66 67 68 69
22
145
3 3 3 3 3 3 3 3 3 3 3 3 3 3 3 3 3 3 3 3 3
37
32 34 36 38 40 42 44 46 48 50 52 54 56 58 60 62 64 66 68 70 72 74 76 78 80 82 84 86 88 90 92 94 96 98 100 102 104
9
25 30 35 40 45 50 55 60 65
10
127
8 8 8 8 8 8 8 8 8
24
12 16 20 24 28 32 36 40 44 48 52 56 60 64 68 72 76 80 84 88 92 96 100 104
6
11 18 25 32 39 46
5
16
3 3 3 3
43
14 15 16 17 18 19 20 21 22 23 24 25 26 27 28 29 30 31 32 33 34 35 36 37 38 39 40 41 42 43 44 45 46 47 48 49 50 51 52 53 54 55 56
46
17 18 19 20 21 22 23 24 25 26 27 28 29 30 31 32 33 34 35 36 37 38 39 40 41 42 43 44 45 46 47 48 49 50 51 52 53 54 55 56 57 58 59 60 61 62
5
66
1 1 1 1
12
40 41 42 43 44 45 46 47 48 49 50 51
29
19 20 21 22 23 24 25 26 27 28 29 30 31 32 33 34 35 36 37 38 39 40 41 42 43 44 45 46 47
20
199
7 7 7 7 7 7 7 7 7 7 7 7 7 7 7 7 7 7 7
45
2 5 8 11 14 17 20 23 26 29 32 35 38 41 44 47 50 53 56 59 62 65 68 71 74 77 80 83 86 89 92 95 98 101 104 107 110 113 116 119 122 125 128 131 134
10
3 12 21 30 39 48 57 66 75 84
3
186
50 50
5
15 43 71 99 127
44
4 8 12 16 20 24 28 32 36 40 44 48 52 56 60 64 68 72 76 80 84 88 92 96 100 104 108 112 116 120 124 128 132 136 140 144 148 152 156 160 164 168 172 176
4
16
3 3 3
3
36 34 32
18
11 12 13 14 15 16 17 18 19 20 21 22 23 24 25 26 27 28
6
37
3 3 3 3 3
23
26 27 28 29 30 31 32 33 34 35 36 37 38 39 40 41 42 43 44 45 46 47 48
17
18 19 20 21 22 23 24 25 26 27 28 29 30 31 32 33 34
25
135
5 5 5 5 5 5 5 5 5 5 5 5 5 5 5 5 5 5 5 5 5 5 5 5
1
14
37
32 33 34 35 36 37 38 39 40 41 42 43 44 45 46 47 48 49 50 51 52 53 54 55 56 57 58 59 60 61 62 63 64 65 66 67 68
10
185
11 11 11 11 11 11 11 11 11
42
7 9 11 13 15 17 19 21 23 25 27 29 31 33 35 37 39 41 43 45 47 49 51 53 55 57 59 61 63 65 67 69 71 73 75 77 79 81 83 85 87 89
41
4 5 6 7 8 9 10 11 12 13 14 15 16 17 18 19 20 21 22 23 24 25 26 27 28 29 30 31 32 33 34 35 36 37 38 39 40 41 42 43 44
2
22
7
33
6 7 8 9 10 11 12 13 14 15 16 17 18 19 20 21 22 23 24 25 26 27 28 29 30 31 32 33 34 35 36 37 38
4
2 7 12 17
32
176
6 6 6 6 6 6 6 6 6 6 6 6 6 6 6 6 6 6 6 6 6 6 6 6 6 6 6 6 6 6 6
19
28 29 30 31 32 33 34 35 36 37 38 39 40 41 42 43 44 45 46
13
23 24 25 26 27 28 29 30 31 32 33 34 35
10
92
3 3 3 3 3 3 3 3 3
21
33 34 35 36 37 38 39 40 41 42 43 44 45 46 47 48 49 50 51 52 53
48
16 17 18 19 20 21 22 23 24 25 26 27 28 29 30 31 32 33 34 35 36 37 38 39 40 41 42 43 44 45 46 47 48 49 50 51 52 53 54 55 56 57 58 59 60 61 62 63
3
30
10 10
8
6 9 12 15 18 21 24 27
30
13 14 15 16 17 18 19 20 21 22 23 24 25 26 27 28 29 30 31 32 33 34 35 36 37 38 39 40 41 42
17
86
6 6 6 6 6 6 6 6 6 6 6 6 6 6 6 6
16
3 6 9 12 15 18 21 24 27 30 33 36 39 42 45 48
2
9 10
13
73
4 4 4 4 4 4 4 4 4 4 4 4
24
21 22 23 24 25 26 27 28 29 30 31 32 33 34 35 36 37 38 39 40 41 42 43 44
1
9
2
3
1
33
35 36 37 38 39 40 41 42 43 44 45 46 47 48 49 50 51 52 53 54 55 56 57 58 59 60 61 62 63 64 65 66 67
40
33 34 35 36 37 38 39 40 41 42 43 44 45 46 47 48 49 50 51 52 53 54 55 56 57 58 59 60 61 62 63 64 65 66 67 68 69 70 71 72
3
45
13 13
16
3 5 7 9 11 13 15 17 19 21 23 25 27 29 31 33
11
14 15 16 17 18 19 20 21 22 23 24
5
78
12 12 12 12
28
37 38 39 40 41 42 43 44 45 46 47 48 49 50 51 52 53 54 55 56 57 58 59 60 61 62 63 64
42
36 37 38 39 40 41 42 43 44 45 46 47 48 49 50 51 52 53 54 55 56 57 58 59 60 61 62 63 64 65 66 67 68 69 70 71 72 73 74 75 76 77
2
29
9
35
39 40 41 42 43 44 45 46 47 48 49 50 51 52 53 54 55 56 57 58 59 60 61 62 63 64 65 66 67 68 69 70 71 72 73
11
40 41 42 43 44 45 46 47 48 49 50
6
55
6 6 6 6 6
35
0 1 2 3 4 5 6 7 8 9 10 11 12 13 14 15 16 17 18 19 20 21 22 23 24 25 26 27 28 29 30 31 32 33 34
16
26 27 28 29 30 31 32 33 34 35 36 37 38 39 40 41
9
89
6 6 6 6 6 6 6 6
13
12 13 14 15 16 17 18 19 20 21 22 23 24
15
3 6 9 12 15 18 21 24 27 30 33 36 39 42 45
3
196
2 2
23
17 18 19 20 21 22 23 24 25 26 27 28 29 30 31 32 33 34 35 36 37 38 39
11
15 20 25 30 35 40 45 50 55 60 65
28
197
3 3 3 3 3 3 3 3 3 3 3 3 3 3 3 3 3 3 3 3 3 3 3 3 3 3 3
12
10 13 16 19 22 25 28 31 34 37 40 43
17
20 25 30 35 40 45 50 55 60 65 70 75 80 85 90 95 100
3
181
21 21
44
7 8 9 10 11 12 13 14 15 16 17 18 19 20 21 22 23 24 25 26 27 28 29 30 31 32 33 34 35 36 37 38 39 40 41 42 43 44 45 46 47 48 49 50
31
21 25 29 33 37 41 45 49 53 57 61 65 69 73 77 81 85 89 93 97 101 105 109 113 117 121 125 129 133 137 141
14
85
6 6 6 6 6 6 6 6 6 6 6 6 6
4
7 12 17 22
3
4 5 6
2
22
9
13
2 3 4 5 6 7 8 9 10 11 12 13 14
6
9 11 13 15 17 19
2
124
60
29
8 9 10 11 12 13 14 15 16 17 18 19 20 21 22 23 24 25 26 27 28 29 30 31 32 33 34 35 36
49
4 6 8 10 12 14 16 18 20 22 24 26 28 30 32 34 36 38 40 42 44 46 48 50 52 54 56 58 60 62 64 66 68 70 72 74 76 78 80 82 84 86 88 90 92 94 96 98 100
0
