12759 3138 1592 10198 -6543 -10966
8386 -8497 9904 2890 13024 -6269
6813 -2555 850 -9420 158 -14099
-4902 -3858 8588 2817 12078 -3784
13948 9243 12832 -7572 3786 -5737
-10178 -10524 12401 6415 14675 -9142
-1619 -4008 -2639 11217 13882 13317
-10053 -6374 13694 5797 -793 -13216
6698 -2763 -2074 -11783 2986 12937
-12635 1933 7179 -14803 -2706 -4036
12393 2116 441 9794 11463 -11953
3584 -5157 -13029 3877 -8940 3786
-9874 13940 12412 6752 4737 -3382
8536 14367 -3213 -8538 5517 14774
7331 7882 1706 -491 -3989 14000
-1594 -6596 -10952 1779 -11803 -14490
-7242 -5287 -4646 -5271 1522 -10654
1447 6648 -11715 -1141 -1600 -4046
-1591 -8065 13254 10197 -13671 3770
9970 8660 -3349 14608 11102 7663
13608 12440 3999 -12345 -782 -4872
6098 -5092 4841 4384 -7431 -8638
8730 9017 943 -52 -7125 14343
-1166 -5784 9210 -2913 -10588 -1528
-14144 14382 -7869 -14560 13990 6165
-3965 529 3604 2966 -8884 5754
13094 12214 3594 2934 1598 11164
-2772 13260 5180 13171 -13861 987
445 -26 10203 -5345 -7 14616
8127 850 1929 3190 -10778 -11150
12288 -11811 -7689 -11177 6155 -13641
9578 4248 13574 -13897 10114 -11897
12267 10274 4295 -9622 8445 5435
6365 11822 8341 -10500 9409 -6667
7048 -9533 -2885 -6024 8658 1337
-14241 -6123 -7542 -6930 -2300 1545
12363 10210 8725 -1132 11314 3838
1971 8580 -888 9198 1891 10489
-12436 11188 7310 10905 -14313 -10349
-10762 7735 -4882 1353 4644 6708
5623 5403 -14416 13081 1405 -1715
-374 -1233 -6506 11283 567 -10193
121 5470 1320 2165 -332 6143
-14415 2232 2330 -4173 -1863 3018
478 2375 -4248 10597 -11273 -14605
2304 -2718 -6270 2889 -4637 -1932
-13827 -2079 -233 12600 -5797 -14666
5340 -2744 5804 9592 2353 -9529
734 2938 -4364 -11937 1698 8773
6081 -12825 14080 4766 12772 5739
-6907 -11992 -11979 1824 5897 -13684
2824 -4998 -12831 -12410 10534 14305
5857 873 14494 -3339 -4536 1846
-9936 11198 7717 -11368 2194 -5586
337 -6726 14522 -584 972 226
8088 9066 3234 -959 13822 12063
357 1645 9997 -9542 -7833 -6538
-10238 13025 9336 -10745 12618 7732
-5966 5614 -8138 4683 9247 9056
2029 -5417 5262 1550 -3068 -8766
4708 -9981 -14701 10874 -8008 14121
-4132 -4719 -11303 -9136 739 -4136
-673 5501 11821 11595 -2311 9438
-7742 -5345 52 -880 14338 12231
11108 1366 -8187 1370 5848 -8323
-4464 13489 14629 -4165 9362 -8380
12888 -9770 1901 -13416 14027 -12361
-2552 -13715 -3927 -5731 812 -3306
6639 8071 6349 -8310 -7810 -6382
6853 -11702 -2084 13667 -7400 6696
8276 3136 5184 7905 1903 -12522
14525 -210 -7292 -10642 1374 9667
9930 1754 10953 8935 -1045 -3236
-9372 -9406 -10166 -91 -14784 14958
-3541 7070 6188 -2693 -6332 13788
-10997 -13057 -10145 -2881 9848 6758
-403 -2695 -8453 -4763 1663 -4147
-10096 14525 12607 -14144 8460 -3438
-14448 14088 2156 -9613 -13071 -9696
-9656 -1612 12374 -536 -1372 -8959
-1749 2631 -7015 3106 14750 5765
-5137 -12721 -11931 -10658 -2484 -7336
195 2420 -7811 -14267 3276 -14352
-2705 3829 2668 2383 -2852 4597
7688 -9576 5918 5061 4888 -10455
-965 6071 -4892 7020 -5824 12790
-14284 -8029 -14932 -11214 14246 -2415
14383 -560 -14996 -8429 173 -8787
10152 401 -2026 -2180 5716 -1946
5349 -1597 3478 14199 6397 11298
6676 -9569 2368 4716 383 -524
2506 1099 -5621 2574 -7183 -6376
3091 10133 -4004 3096 4636 -899
-2759 -212 2434 -1853 540 -6850
11201 8821 6553 -12390 -4048 -14119
13908 -12373 9245 -10793 7344 -5373
-8385 12782 -1341 994 355 -5592
-2450 -11554 -10460 -3522 -5526 -2891
10579 -5353 11897 -1987 7794 -14632
-5905 3994 9189 3580 6604 8073
0 0 0 1 1 0
0 0 0 1 -1 0
0 0 0 5 5 0
0 0 0 5 -5 0
0 0 0 -1 -1 0
0 0 0 -5 -5 0
0 0 0 0 0 0
