2 1
2 2
3 1
3 2
3 3
4 1
4 2
4 3
4 4
5 1
5 2
5 3
5 4
5 5
6 1
6 2
6 3
6 4
6 5
6 6
7 1
7 2
7 3
7 4
7 5
7 6
7 7
8 1
8 2
8 3
8 4
8 5
8 6
8 7
8 8
9 1
9 2
9 3
9 4
9 5
9 6
9 7
9 8
9 9
10 1
10 2
10 3
10 4
10 5
10 6
10 7
10 8
10 9
10 10
11 1
11 2
11 3
11 4
11 5
11 6
11 7
11 8
11 9
11 10
11 11
12 1
12 2
12 3
12 4
12 5
12 6
12 7
12 8
12 9
12 10
12 11
12 12
13 1
13 2
13 3
13 4
13 5
13 6
13 7
13 8
13 9
13 10
13 11
13 12
13 13
14 1
14 2
14 3
14 4
14 5
14 6
14 7
14 8
14 9
14 10
14 11
14 12
14 13
14 14
15 1
15 2
15 3
15 4
15 5
15 6
15 7
15 8
15 9
15 10
15 11
15 12
15 13
15 14
15 15
16 1
16 2
16 3
16 4
16 5
16 6
16 7
16 8
16 9
16 10
16 11
16 12
16 13
16 14
16 15
16 16
17 1
17 2
17 3
17 4
17 5
17 6
17 7
17 8
17 9
17 10
17 11
17 12
17 13
17 14
17 15
17 16
17 17
18 1
18 2
18 3
18 4
18 5
18 6
18 7
18 8
18 9
18 10
18 11
18 12
18 13
18 14
18 15
18 16
18 17
18 18
19 1
19 2
19 3
19 4
19 5
19 6
19 7
19 8
19 9
19 10
19 11
19 12
19 13
19 14
19 15
19 16
19 17
19 18
19 19
20 1
20 2
20 3
20 4
20 5
20 6
20 7
20 8
20 9
20 10
20 11
20 12
20 13
20 14
20 15
20 16
20 17
20 18
20 19
20 20
21 1
21 2
21 3
21 4
21 5
21 6
21 7
21 8
21 9
21 10
21 11
21 12
21 13
21 14
21 15
21 16
21 17
21 18
21 19
21 20
21 21
22 1
22 2
22 3
22 4
22 5
22 6
22 7
22 8
22 9
22 10
22 11
22 12
22 13
22 14
22 15
22 16
22 17
22 18
22 19
22 20
22 21
22 22
23 1
23 2
23 3
23 4
23 5
23 6
23 7
23 8
23 9
23 10
23 11
23 12
23 13
23 14
23 15
23 16
23 17
23 18
23 19
23 20
23 21
23 22
23 23
24 1
24 2
24 3
24 4
24 5
24 6
24 7
24 8
24 9
24 10
24 11
24 12
24 13
24 14
24 15
24 16
24 17
24 18
24 19
24 20
24 21
24 22
24 23
24 24
25 1
25 2
25 3
25 4
25 5
25 6
25 7
25 8
25 9
25 10
25 11
25 12
25 13
25 14
25 15
25 16
25 17
25 18
25 19
25 20
25 21
25 22
25 23
25 24
25 25
26 1
26 2
26 3
26 4
26 5
26 6
26 7
26 8
26 9
26 10
26 11
26 12
26 13
26 14
26 15
26 16
26 17
26 18
26 19
26 20
26 21
26 22
26 23
26 24
26 25
26 26
27 1
27 2
27 3
27 4
27 5
27 6
27 7
27 8
27 9
27 10
27 11
27 12
27 13
27 14
27 15
27 16
27 17
27 18
27 19
27 20
27 21
27 22
27 23
27 24
27 25
27 26
27 27
28 1
28 2
28 3
28 4
28 5
28 6
28 7
28 8
28 9
28 10
28 11
28 12
28 13
28 14
28 15
28 16
28 17
28 18
28 19
28 20
28 21
28 22
28 23
28 24
28 25
28 26
28 27
28 28
29 1
29 2
29 3
29 4
29 5
29 6
29 7
29 8
29 9
29 10
29 11
29 12
29 13
29 14
29 15
29 16
29 17
29 18
29 19
29 20
29 21
29 22
29 23
29 24
29 25
29 26
29 27
29 28
29 29
30 1
30 2
30 3
30 4
30 5
30 6
30 7
30 8
30 9
30 10
30 11
30 12
30 13
30 14
30 15
30 16
30 17
30 18
30 19
30 20
30 21
30 22
30 23
30 24
30 25
30 26
30 27
30 28
30 29
30 30
31 1
31 2
31 3
31 4
31 5
31 6
31 7
31 8
31 9
31 10
31 11
31 12
31 13
31 14
31 15
31 16
31 17
31 18
31 19
31 20
31 21
31 22
31 23
31 24
31 25
31 26
31 27
31 28
31 29
31 30
31 31
32 1
32 2
32 3
32 4
32 5
32 6
32 7
32 8
32 9
32 10
32 11
32 12
32 13
32 14
32 15
32 16
32 17
32 18
32 19
32 20
32 21
32 22
32 23
32 24
32 25
32 26
32 27
32 28
32 29
32 30
32 31
32 32
33 1
33 2
33 3
33 4
33 5
33 6
33 7
33 8
33 9
33 10
33 11
33 12
33 13
33 14
33 15
33 16
33 17
33 18
33 19
33 20
33 21
33 22
33 23
33 24
33 25
33 26
33 27
33 28
33 29
33 30
33 31
33 32
33 33
34 1
34 2
34 3
34 4
34 5
34 6
34 7
34 8
34 9
34 10
34 11
34 12
34 13
34 14
34 15
34 16
34 17
34 18
34 19
34 20
34 21
34 22
34 23
34 24
34 25
34 26
34 27
34 28
34 29
34 30
34 31
34 32
34 33
34 34
35 1
35 2
35 3
35 4
35 5
35 6
35 7
35 8
35 9
35 10
35 11
35 12
35 13
35 14
35 15
35 16
35 17
35 18
35 19
35 20
35 21
35 22
35 23
35 24
35 25
35 26
35 27
35 28
35 29
35 30
35 31
35 32
35 33
35 34
35 35
36 1
36 2
36 3
36 4
36 5
36 6
36 7
36 8
36 9
36 10
36 11
36 12
36 13
36 14
36 15
36 16
36 17
36 18
36 19
36 20
36 21
36 22
36 23
36 24
36 25
36 26
36 27
36 28
36 29
36 30
36 31
36 32
36 33
36 34
36 35
36 36
37 1
37 2
37 3
37 4
37 5
37 6
37 7
37 8
37 9
37 10
37 11
37 12
37 13
37 14
37 15
37 16
37 17
37 18
37 19
37 20
37 21
37 22
37 23
37 24
37 25
37 26
37 27
37 28
37 29
37 30
37 31
37 32
37 33
37 34
37 35
37 36
37 37
38 1
38 2
38 3
38 4
38 5
38 6
38 7
38 8
38 9
38 10
38 11
38 12
38 13
38 14
38 15
38 16
38 17
38 18
38 19
38 20
38 21
38 22
38 23
38 24
38 25
38 26
38 27
38 28
38 29
38 30
38 31
38 32
38 33
38 34
38 35
38 36
38 37
38 38
39 1
39 2
39 3
39 4
39 5
39 6
39 7
39 8
39 9
39 10
39 11
39 12
39 13
39 14
39 15
39 16
39 17
39 18
39 19
39 20
39 21
39 22
39 23
39 24
39 25
39 26
39 27
39 28
39 29
39 30
39 31
39 32
39 33
39 34
39 35
39 36
39 37
39 38
39 39
40 1
40 2
40 3
40 4
40 5
40 6
40 7
40 8
40 9
40 10
40 11
40 12
40 13
40 14
40 15
40 16
40 17
40 18
40 19
40 20
40 21
40 22
40 23
40 24
40 25
40 26
40 27
40 28
40 29
40 30
40 31
40 32
40 33
40 34
40 35
40 36
40 37
40 38
40 39
40 40
41 1
41 2
41 3
41 4
41 5
41 6
41 7
41 8
41 9
41 10
41 11
41 12
41 13
41 14
41 15
41 16
41 17
41 18
41 19
41 20
41 21
41 22
41 23
41 24
41 25
41 26
41 27
41 28
41 29
41 30
41 31
41 32
41 33
41 34
41 35
41 36
41 37
41 38
41 39
41 40
41 41
42 1
42 2
42 3
42 4
42 5
42 6
42 7
42 8
42 9
42 10
42 11
42 12
42 13
42 14
42 15
42 16
42 17
42 18
42 19
42 20
42 21
42 22
42 23
42 24
42 25
42 26
42 27
42 28
42 29
42 30
42 31
42 32
42 33
42 34
42 35
42 36
42 37
42 38
42 39
42 40
42 41
42 42
43 1
43 2
43 3
43 4
43 5
43 6
43 7
43 8
43 9
43 10
43 11
43 12
43 13
43 14
43 15
43 16
43 17
43 18
43 19
43 20
43 21
43 22
43 23
43 24
43 25
43 26
43 27
43 28
43 29
43 30
43 31
43 32
43 33
43 34
43 35
43 36
43 37
43 38
43 39
43 40
43 41
43 42
43 43
44 1
44 2
44 3
44 4
44 5
44 6
44 7
44 8
44 9
44 10
44 11
44 12
44 13
44 14
44 15
44 16
44 17
44 18
44 19
44 20
44 21
44 22
44 23
44 24
44 25
44 26
44 27
44 28
44 29
44 30
44 31
44 32
44 33
44 34
44 35
44 36
44 37
44 38
44 39
44 40
44 41
44 42
44 43
44 44
45 1
45 2
45 3
45 4
45 5
45 6
45 7
45 8
45 9
45 10
45 11
45 12
45 13
45 14
45 15
45 16
45 17
45 18
45 19
45 20
45 21
45 22
45 23
45 24
45 25
45 26
45 27
45 28
45 29
45 30
45 31
45 32
45 33
45 34
45 35
45 36
45 37
45 38
45 39
45 40
45 41
45 42
45 43
45 44
45 45
46 1
46 2
46 3
46 4
46 5
46 6
46 7
46 8
46 9
46 10
46 11
46 12
46 13
46 14
46 15
46 16
46 17
46 18
46 19
46 20
46 21
46 22
46 23
46 24
46 25
46 26
46 27
46 28
46 29
46 30
46 31
46 32
46 33
46 34
46 35
46 36
46 37
46 38
46 39
46 40
46 41
46 42
46 43
46 44
46 45
46 46
47 1
47 2
47 3
47 4
47 5
47 6
47 7
47 8
47 9
47 10
47 11
47 12
47 13
47 14
47 15
47 16
47 17
47 18
47 19
47 20
47 21
47 22
47 23
47 24
47 25
47 26
47 27
47 28
47 29
47 30
47 31
47 32
47 33
47 34
47 35
47 36
47 37
47 38
47 39
47 40
47 41
47 42
47 43
47 44
47 45
47 46
47 47
48 1
48 2
48 3
48 4
48 5
48 6
48 7
48 8
48 9
48 10
48 11
48 12
48 13
48 14
48 15
48 16
48 17
48 18
48 19
48 20
48 21
48 22
48 23
48 24
48 25
48 26
48 27
48 28
48 29
48 30
48 31
48 32
48 33
48 34
48 35
48 36
48 37
48 38
48 39
48 40
48 41
48 42
48 43
48 44
48 45
48 46
48 47
48 48
49 1
49 2
49 3
49 4
49 5
49 6
49 7
49 8
49 9
49 10
49 11
49 12
49 13
49 14
49 15
49 16
49 17
49 18
49 19
49 20
49 21
49 22
49 23
49 24
49 25
49 26
49 27
49 28
49 29
49 30
49 31
49 32
49 33
49 34
49 35
49 36
49 37
49 38
49 39
49 40
49 41
49 42
49 43
49 44
49 45
49 46
49 47
49 48
49 49
50 1
50 2
50 3
50 4
50 5
50 6
50 7
50 8
50 9
50 10
50 11
50 12
50 13
50 14
50 15
50 16
50 17
50 18
50 19
50 20
50 21
50 22
50 23
50 24
50 25
50 26
50 27
50 28
50 29
50 30
50 31
50 32
50 33
50 34
50 35
50 36
50 37
50 38
50 39
50 40
50 41
50 42
50 43
50 44
50 45
50 46
50 47
50 48
50 49
50 50
77964 49737
244488 77715
161040 2000
144519 4635
50430 1440
86768 29808
287796 118950
276752 47235
203448 59136
353533 31440
197650 17700
319121 15708
36666 21312
559879 366420
106624 4599
613930 136528
126000 11520
61425 12624
140208 44436
56760 325
345321 186048
182260 46428
269584 120393
470394 115038
99946 2556
82663 35650
329451 116948
30120 19722
248200 35017
227333 43520
26235 5978
103095 108
634950 64277
15300 1284
298623 68000
684484 123250
369606 36417
1900 80
527626 228375
93480 58835
42224 1617
160800 4040
25792 6174
367080 11718
38064 23544
183825 1527
261000 74259
298300 11040
80776 3008
85068 44968
504889 15022
75810 50301
159720 41720
132890 13144
215064 18762
26010 11564
141300 60147
497622 327261
22939 6365
99750 17850
16539 1521
415530 197828
43152 1176
122331 33356
34020 3500
7585 2256
561966 564
579880 44082
15600 87
13280 312
23528 348
175545 10360
270957 204684
605192 22032
108633 1008
581544 39615
71064 26208
69597 44032
145432 117648
375683 2418
143864 23628
354438 282302
639951 134106
607620 388287
66500 5005
155817 25960
446260 278271
319661 7128
134160 19008
21504 10385
135783 67804
184982 77
616356 394576
408357 5104
208880 35502
102690 6262
198024 36924
156096 2540
44474 32130
165466 31372
1512 136
134050 21483
36456 1410
56952 36512
98154 8772
68250 34188
155268 808
337172 24311
90272 1710
21600 2457
489440 85869
73260 22317
253761 65786
15250 11233
143136 48951
527310 64395
410050 61088
277112 15210
885 624
54718 708
172656 21097
148 18
519520 407626
3404 1610
555744 76358
178560 18040
52704 33656
100040 68970
379950 66490
246077 42657
235676 62424
133464 1053
457283 1520
14616 1017
201294 140300
1380 1300
482966 235060
88641 37536
150133 72306
10808 3938
709420 215140
56924 8366
182105 32436
273280 53720
11502 7134
37168 8260
481490 14448
133273 500
56910 8379
5700 720
574860 4292
575731 10016
285974 2288
2124 1496
136059 77532
114725 39846
231420 17316
152650 444
289500 42812
458584 26918
120484 34410
32980 225
224553 153140
100776 38772
142037 75748
20429 456
290034 35244
632342 50630
89320 560
53320 12901
1530 120
422640 66177
57961 1357
302853 223449
493042 176292
56322 6840
270 172
106594 32724
29751 6665
135372 180
56420 32079
39053 10122
36764 5626
100225 6018
98368 21372
1656 832
206360 70503
202912 12985
154290 22736
131272 16995
474577 156615
223696 69849
8268 990
29700 11400
106922 26035
209808 107536
732662 429028
371700 1820
93225 27993
37305 3564
162970 22256
148208 596
5208 476
26892 20440
158664 24990
173706 47085
175618 6890
182665 45440
16497 11440
696976 131892
724896 21021
628974 58310
67624 8720
243720 12291
381225 65736
259284 7293
540510 168019
20976 462
1594 535
497640 45562
140175 60830
138260 36288
18550 6116
139376 20514
194706 150096
513570 271776
392411 16512
169650 36465
308236 99876
52398 1846
675800 48110
570492 1674
150696 52377
97308 6432
24196 1920
302260 25479
126772 38184
6888 399
688171 175050
604802 555660
293250 2470
65876 4060
79002 60738
205968 9118
266304 32157
53116 12870
109593 87702
339192 55578
98119 427
387180 307740
44520 8748
39729 32368
347934 7410
509980 82737
63336 21186
258169 19767
24376 418
259740 54668
26880 2964
163908 44128
141400 79488
267854 20955
260766 14455
302624 147126
677887 327040
103680 28680
180975 5166
183498 19565
166725 86858
707154 90538
82239 1140
197340 4608
135660 29380
154905 37044
300510 214749
142509 35657
120000 4674
385396 158730
244419 70200
425088 11452
132240 45859
422786 69642
30392 3978
262600 81075
63733 39150
207460 18639
429408 13188
327551 104152
137700 85932
160576 77978
124131 34808
9460 1216
6318 2770
215628 77843
95284 4321
230920 39424
679664 257400
20220 156
45506 29568
363324 158760
547616 128832
382524 252414
82503 64930
504543 298700
27501 1172
27566 11016
314847 25311
79456 34629
70374 36722
2240 390
8658 2366
762990 46547
315580 495
1461 987
15850 304
76560 3689
138651 28700
51768 35563
37808 1792
512605 131670
570960 345400
17343 9348
112651 9240
272709 27054
77571 1704
365256 16833
482360 136697
345650 201915
151589 28764
15432 1752
119364 2184
361390 76190
374372 93080
658260 483070
3031 338
376320 54684
288762 83916
283062 83665
25560 6107
242490 68045
701190 171864
81000 6734
145888 99384
215145 56180
300421 104940
439070 114924
52640 520
186914 64746
199650 15232
151156 35169
97110 73450
353281 172866
229362 54208
500656 103281
252552 191382
87106 1960
33912 910
729307 132411
425816 47502
443118 12974
283920 87384
125874 33666
225903 5580
38214 34028
107508 21979
92886 6928
551320 107744
38874 24612
274091 5542
85172 666
3240 1298
139345 451
173926 46816
130217 10584
247784 32074
275035 84434
294593 142296
263812 17136
274113 16224
129500 54270
320954 39644
9936 480
42840 17775
208320 24559
13870 6534
628449 349392
18900 4608
323082 1368
22220 14111
440915 101175
197808 152302
117638 10208
100100 23154
41644 18105
21960 2688
80117 16458
122176 45360
442262 21024
798 186
11194 399
30880 5510
33450 330
183237 1377
230346 26878
93492 38073
547162 9040
141480 37248
45724 2730
155232 6344
376554 81744
87019 17279
98552 51357
73253 8463
421740 18828
201305 57380
151760 42400
42082 250
561600 5670
171314 61016
7566 5249
27125 7330
186042 3735
80256 2624
494118 197225
129574 57566
89775 846
37926 780
191262 42222
178647 4172
46860 25839
410780 49538
61479 36162
232349 3059
125560 7584
516040 163070
3132 1700
118770 30910
64464 8556
504545 126936
101016 13209
41405 5270
117475 4851
176906 42920
106272 86498
28024 4851
439208 149292
34887 6302
248024 95613
512256 20900
163878 18446
86163 70875
256056 96996
78195 19580
220248 66975
36284 7448
1316 21
369150 134130
228260 191136
388494 34056
346014 226996
4085 199
569360 46189
301104 85870
36461 13653
303456 29988
435660 25245
465234 88924
188384 88294
36725 9548
98029 7890
178861 43878
184316 19642
80883 23166
59362 15232
345861 41140
196091 120458
347442 6790
199068 48880
203040 23994
374218 5253
39285 130
58156 42978
48203 12932
279033 40495
17460 4660
179018 81627
355286 80500
184440 6480
280440 157267
472348 264504
335268 105876
91998 28800
150016 50268
27288 1272
230888 77226
137795 960
121985 20272
43785 5727
363960 239481
56980 10915
90720 30876
145575 6655
387801 31871
46041 13752
67562 18212
356057 149247
51554 17399
196394 40896
44100 9384
208353 56816
960 436
95129 4141
111338 2002
256464 12688
417560 68444
139104 81480
228956 116736
9646 6059
286065 149056
289500 73160
705840 258070
174447 3762
393394 161535
7018 2596
178729 115375
161197 18128
418950 85785
22893 8362
363658 119314
82103 4140
553152 78995
198667 43792
190134 26671
90450 4872
81657 23989
108288 25970
392160 3458
154583 29580
183924 88270
565152 189728
428462 64484
313432 291084
317178 37788
430776 133627
182605 29304
12096 2992
610532 177457
146790 6612
4578 273
71940 2626
110400 4200
336362 13938
94160 36064
285950 2397
271566 13735
634026 4664
430262 4984
494059 210368
61557 1284
221960 40468
349440 126575
607360 61824
114 35
139878 3392
23680 9460
385691 235074
283584 76384
121068 26549
371812 107210
2720 368
89010 293
138765 67600
652526 128687
54404 1102
216300 37240
223412 108192
54264 1860
2390 510
25085 3640
739877 278058
92820 58404
216864 32200
301070 232974
460100 373892
131382 15555
182520 30090
273280 7700
462748 246192
36630 469
655050 40107
378666 99792
14600 60
196862 28060
530816 125137
199800 120120
20580 1228
21877 5428
429939 115260
65846 13920
315403 14874
2252 356
134160 67620
62489 14355
115440 20976
112563 85330
123830 22795
342273 86240
119985 60426
279822 21201
48372 34380
729172 157916
483526 32680
43800 667
359340 202608
57000 36547
280995 90405
90720 33232
218880 44377
185196 410
69488 26659
404340 58185
19800 1617
119964 4512
176559 5640
106027 2529
229367 47952
283444 52400
32883 20916
61884 3444
30288 11875
68289 23542
334800 3800
295316 31856
204618 125990
168381 95285
501313 375774
373248 153900
99256 43920
26091 2208
118807 7020
11376 2466
251055 85162
168330 44388
4995 1836
131472 14849
333888 59360
217012 128627
66286 15450
533286 169664
53404 1975
166366 3102
392490 97185
154980 89208
118098 21845
29388 5724
23664 6016
297579 65016
169158 33020
327522 226402
189144 1914
375859 199875
210925 154336
483307 4692
271083 115939
307584 87246
6422 1518
15893 10710
44748 592
39412 2376
374778 204058
31611 4141
44464 7350
298616 185372
23136 6440
234768 49248
36900 5390
69750 8702
689910 132858
369360 37098
343895 100902
363660 1633
134460 49390
25375 12876
17542 4544
265690 37114
546858 142220
29260 852
68224 11573
160198 23712
269568 53664
86184 25080
39592 9369
8502 2442
429704 18696
213060 13020
497674 250510
165688 139374
356874 134827
30438 5082
183388 7784
223488 15794
403144 55319
290763 23991
143206 10360
384123 133560
537280 150720
147798 16932
53572 44290
133147 3080
59496 16281
202800 11046
352296 126784
244505 100400
18361 1664
240394 45570
22624 13671
437360 73084
167776 8118
631282 456950
745 225
52500 1980
511820 435326
77080 12555
9435 3800
19530 15444
519420 23051
0 0
