5
  24 -38 302  31
   5  26  11  67
  31 -36 339  29
   8  43 203  99
  35  23 426  32
5
  27 -13 115  61
  22 -44  38  23
 -26  33 337  68
  20  -4   5  28
   7  32 178  39
13
  -5  11 242  63
  39   6 455  85
  28 -46 220  32
 -10  -1 106  79
  -1 -32 419  63
  42 -10 261  40
  48  -5 372  69
 -47 -20 184  31
   7  48  94  82
 -31  13 368  80
  18  37  12  89
 -15  13 168  93
  32 -26 208  71
15
  33  -8 224  62
 -16 -43  86  51
 -18  -5 475   8
  14  16  72  66
  -7  -5 404  17
  39  18 291  35
  39  -2 439  54
  47 -12  85  17
  30  20 331  12
  27 -15 416  88
  30  15 448  52
  47 -32 118  30
  13 -20 447  89
  49 -18 476  34
  30 -49 140  22
5
  23   3 454  87
  42  48  45  41
  -9 -23 429  77
  15  31 378   6
 -33  25 479  74
11
  47  28 250  48
  47 -30 315  72
  13 -12 298  94
 -28  26 317  20
 -23  15 155  20
 -14  15   6  73
  50 -16 425  74
 -38  30 382  63
 -26   7 163  26
  27 -12  51  15
  -8 -37 310  76
4
  10   0  24  90
  -7 -48 381  88
  38  27 355  15
  -7 -37 458  31
3
 -41 -37 147  37
  50 -21  68   6
 -16 -22 159  85
5
 -37  -2  72  74
 -45 -33 470  88
  41  36 343  23
 -43 -32 153  46
 -43  23 472  82
6
  49   3 124  30
  49   4 176   8
  -8  21 157   6
  -5  16 213   3
 -20   9 324  27
 -16  33 367  19
10
  46  43 369  38
  30 -26 300  49
  -6 -23  97  12
 -45 -30 401  14
  42  11 489  98
 -29 -34 404  74
 -15 -50  18  68
  39  16 221  68
   9 -41 258  73
  50 -45 122  36
12
  15 -11   2  29
  -5  -4 296  61
 -50 -18 234  55
   2 -44 376  34
   3  17 437  68
  -7   8 482  59
   3  32 186  25
   0  43 317   0
 -18 -25  81  77
 -12 -42 190  98
  -9 -10 353  27
 -38  20  61  63
3
  34   1  95   7
 -22 -20  22  72
 -36  34 101  15
6
 -11  21 136  83
  30 -49 212  10
 -45 -30  34  79
  -5 -37 160  77
  -5  12 179  17
  24 -37 234  39
5
  15  35   9   7
 -27  45 460  38
   8  16 257  89
  -4 -16 315  96
 -49   4 312  25
4
  50 -25 396  20
  37 -35 307  62
  36   7  68  51
  30  46 399  55
9
   4  49 383  46
   7 -49 214  26
  50 -21 172  51
  26  38  92   4
  13  31 232  59
  14  12 231  41
  18  16 271  41
 -25 -44 180  18
 -46  24 365   6
6
  17  31 446  51
   5 -33 496  40
  10 -47 171  55
  40 -36 179  30
  -6  41  96  96
 -28 -37  77  71
3
  31  49 433  65
 -24  29 448  10
 -31 -37 119  87
3
 -49  13 399  34
  19  25 317  15
   8  47 188  13
4
  34  38 456   8
  35   5 428  56
 -10  19 348  21
 -43 -30 272  40
14
  37  19   5  70
 -43  37 257  55
  42  20 385  49
  -6  46 134  93
  20  30 264  80
   6 -46 453  81
  22 -29 149  58
  42 -19 483  17
 -50  16 187  31
 -31 -23  86  43
  13  38 492   9
  -1 -20 354  11
  26   1  43  49
 -29 -46 182  64
6
   1 -33 320  25
  15  43 370  46
  24 -28 428  72
  38   8 142  62
   3 -49   2  47
  21 -42 473  28
11
   5  26 257   8
 -15  -4 491  11
  45  -9 317  90
   6  -5 218  39
 -23  11 178  19
   6 -44  87  41
  47  36 450  12
 -41 -35  73  85
  42 -42 245  90
   4  48 301  63
 -46   9 305  44
7
 -22 -46 133  67
 -14  -2 204  59
  35 -50   6  79
  12 -42 242  78
  13  27  80  75
 -36  43  38  14
  19  21  20  97
11
 -41  14 135  51
  10   4 417  73
 -20   7 318  52
  11  46   0  57
  -9 -49 101  71
 -48 -48  97  85
   9  26 161  19
   8 -27 278  99
  37 -17 303  14
   3  12 239  74
 -31  -5 278  87
12
 -45 -35 150  60
  -3 -19  23  25
 -21 -48 491  86
  49  20  69  80
  20  47 326  59
 -41   4  26   0
 -10  22 401  41
 -32 -48 499  12
  34 -45 325  87
 -47 -47 312  97
  22  37 383  31
   6  17 464  64
4
  49  11   6  34
  34  -9 265  54
  14  -7 337  53
  18 -21 442  59
12
 -38  -8 327  46
  -9 -17   2  19
  20 -17 176  84
 -26  22  26  13
  26  27 363  71
 -16   6 231  36
  12  -5 246   8
  10 -34 334  12
 -25 -40 358  76
  -6  25 495  22
  24  37 306  74
   8  48 387  43
2
 -34   0 225  72
  47   0  78  85
15
  42 -17 465  73
  22  19 486  85
 -16  11  97  80
 -10  -1   4  68
  30  37 104  96
  37  32  51  44
 -28 -34  93  91
 -34  22 351  40
 -46 -41 265  73
  28  49  58  10
  10   4 142  54
 -48 -35 275  51
 -49  37 200  12
  19  37 308  62
 -48 -30 105  27
13
  44 -25  28  76
 -44  22 153  88
   0  40 232  20
  -7  13 162   5
  24 -30 239  97
  46  29 381  17
 -50  36  43  64
  30 -50  47  61
 -24 -44 489  78
  -5   5 118  41
  -6 -50 213  20
  14 -49  77   6
  38 -49   3  59
7
   9 -20 330  31
  30  16 336  46
  -7 -20 240  69
  22 -13 450  85
 -43 -29 496  39
  35   6 180  83
 -17 -43 477  62
12
 -28  -3 127  17
  43 -10 240  11
 -20  -5 204  95
  34  34 486  97
  -6  41 334  18
  44 -16 126  88
 -12  18  34  93
 -43  33  35  79
 -21  28 248  99
 -32  -3 362  23
   8  -3  71  54
 -19 -45 451  19
4
  40  23 452  62
  38  22 120  30
 -30  22  21  26
   4 -26 161  15
11
   3 -35 190  74
  47  27 492  39
  35  -8 400  27
  34 -14 316  98
  42 -26 414  76
   2 -19 254  16
 -25   2 365  71
 -34 -43 173  58
  39 -45 184  41
  -2 -39  32   9
   4 -22 488  21
9
 -38 -25 401  35
 -50  36 338  82
 -16  -6 101  69
   4 -12  15   5
 -25 -48 330  65
  19 -50 302  38
   4  -6 303  41
 -29  20 306   9
  11 -15 296  80
3
   8   9 474  88
  -2 -11 360  40
  24 -35 290  88
6
 -42 -39 272  61
 -26  35 425  91
 -17  35  67  27
   1  37 287  35
 -37 -50 269  57
   4  29 325  46
14
 -12 -17  87   8
  25  -4 467  95
  -7  -8 283  88
  22 -18 209  36
   8 -44 275   7
 -30 -24 102  52
 -47  12 403  40
  -2 -50 410  55
  50  48  15   3
 -41  40 351  97
  48  18 385  20
  17  24 256   6
  30  13 366  63
   5 -25 416  24
13
  44 -10 316  68
 -29  36 126  29
  36 -18 167  72
 -26  -3 487  19
  44  -9  32  47
  49 -35  35  99
 -34  29 445  76
 -19 -44  56  85
 -38  45 305  66
  31 -42 295  86
  -9  29  11  49
 -25  30 120  79
  37  31 379  25
13
 -19  29   3  64
 -23   3 431  91
  -3 -20 130  60
  31  29 460  57
 -21   4 274   6
 -23  44 284  60
  -1   1 117   1
  19  27 448  61
 -29  20 325  94
 -28  31 137  19
 -39   8 232   3
 -48 -20 412  59
   0 -42  17   1
15
  22  -1 311  69
  25  29 464  78
 -47   6  50  64
  14   2 147  63
 -19  14 492   1
 -44  -5  16  95
   8   6  87  47
  12  46 462  50
  -5  32 219  85
 -23  30 463  54
 -15 -44 270  16
   8  49  32  42
  12 -21 243  92
  25 -15 187  80
  41  39 427  36
11
  46 -31 169  18
  -9  -3 412  41
 -35 -17 455  86
 -48   3 495  11
  45  50 452  32
  27 -22 204  97
 -19 -21 288  58
 -25  37 477  56
 -45 -19 226  68
  -6 -18  61  25
  15  38 211  99
14
 -26 -50 299   0
  45  42  85  60
  39  28 444  71
  -5 -45 486  47
  -8  45 409  30
  41  33 187  60
  -1 -42 418  59
   5  36 403  86
   2 -39 486  96
 -48  18  56  26
 -39  39 497  80
  44  34 227  90
  -6  41  21  99
 -10  41  59  57
2
  -9 -26 248  47
  18 -19 127  75
11
 -26  -3 149  31
 -46 -39 383  89
 -16  25  25  13
  26 -11 302   5
 -44   2  65  14
 -10 -46 444  41
  40  46 213  25
 -44  -8   3  46
   6 -31 129  45
  47 -46 486  97
  29  17 262  91
5
  14  20 422  84
 -42 -11 409  52
  -9   2 143  23
  -1   5 246   9
  24 -10 415  75
5
 -11  40 486  99
  37 -39  62  97
  49  33 214  38
 -23   0  52  44
 -12   5 276  63
4
 -40 -46 220  98
  12   2 490   7
 -40  38 220   9
 -29   8  44  47
0
