9
1 2 5 6 7 4 9 8 3
7
3 5 9 4 2 1 7
3
1 2 5
5
4 1 3 9 2
1
1
8
1 851001 857 993 2571 3 283667 331
6
613748 4 306874 2 153437 1
19
9787 5 597007 301 1 215 61 7 43 615545 35 123109 409 2863 1505 87935 14315 2045 17587
12
1 752252 2 188063 3083 6166 376126 12332 122 61 244 4
9
11 29 319 1 18293 530497 48227 1663 346651
21
7 100471119 9 3 21 63 6151293 14353017 2050431 147 1 4784339 167851001 301413357 43059051 970237 441 173 33490373 49 683477
16
103 35947 1 56041373 3808637 251629 349 1559 1124039 392289611 160577 544091 7 2443 10913 721
24
4 1268 36309814 634 3 171813 12 108929442 6 1 72619628 114542 2 317 57271 18154907 343626 3804 951 229084 1902 217858884 54464721 687252
12
9 402669 44741 8361 124693167 2787 41564389 1 929 3 374079501 134223
8
1 1167851001 7131 163771 491313 3 389283667 2377
36
90604 1841 11914426 41700491 98 196 526 22651 583806874 2 1109899 5957213 3682 4 2219798 7 12887 28 51548 634228 25774 49 317114 7364 83400982 1 158557 291903437 1167613748 263 23828852 1052 14 166801964 45302 4439596
67
56 36989876 628827892 6725432 14291543 4083298 5236 8 22 374 154 44 213981827 10568536 748 89832556 2 57166172 3362716 28 187 1 88 240194 1257655784 120097 5284268 22458139 1069909135 28583086 114332344 9247469 2642134 616 157206973 14 16333192 44916278 68 10472 1321067 314413946 7 308 119 136 5 1496 2041649 952 34 4 840679 2618 8166596 179665112 1681358 11 17 77 476 1309 73979752 18494938 960776 238 480388
16
1 1553666286 28802 517888762 2 258944381 53943 43203 14401 86406 17981 6 776833143 107886 35962 3
147
1 583925500 1167851000 144601484 414899592 145981375 29196275 36944 4664564 2 14974 110832 4 233570200 223000 291962750 5839255 22461 17287483 186 10 1784 69149932 3498423 62 223 100 13474 553199456 2332282 20 279 668485562 718752 55750 239584 1167851 11678510 2309 6927 5 23357020 26185 72300742 9236 52370 41896 50 1166141 523700 18472 276599728 119792 654625 26948 433804452 24 11150 558 89844 73888 1336971124 1659598368 372 829799184 2618500 12 207449796 9 20990538 359376 216902226 1115 58392550 22300 1000 31 103724898 7487 2230 36150371 99226 49613 34574966 13993692 44922 200 179688 6737 130925 20948 221664 4671404 209480 198452 10495269 16 4618 104740 108451113 6 9342808 13854 1116 46714040 29948 116785100 500 125 3 27708 1047400 261850 96 32 10474 124 650706678 55416 8 2335702 334242781 93 325353339 27875 1301413356 40 25 250 5237000 51862449 8920 6996846 36 4460 18 59896 41981076 5575 138299864 446 48 111500 892 44600 1309250 5237
127
31365078 25 217541740 2 30 13 115195 3 836699 7 4829219 1317333276 2683757 6 543854350 839 73185182 10 1110710190 15682539 584 74047346 9 9642 325 109777773 1 108770870 63 1300 130 62730156 1607 65 146 8035 1111511395 52 3346796 5367514 10455026 284923921 47047617 43508348 252 100 188190468 3214 138234 222142038 103105111 658666638 21754174 650 59 555355095 219555546 1139695684 236 691170 230390 23039 36 5 8 42 264961 12 48210 1087708700 28 391828522 18 370236730 1324805 4 9658438 8366990 94095234 54385435 20910052 195914261 1673398 206210222 260 16733980 21 1031051110 783657044 4183495 345585 24105 4821 515525555 16070 185118365 126 14 19316876 50 46078 37023673 292 21470056 73 111071019 118 15 10877087 10735028 569847842 83669900 20 4195 439111092 41834950 271927175 36592591 222302279 20917475 84 69117 1567314088 329333319 146370364 26 5227513
192
81742725 225 2384808 32 2694 5608 11902 143163 95442 203228513 493504 2 23804 89728 26583 16 1089903 66438 11216 1402 58712737 1025 4 380864 117425474 205 49045635 11 9913586 1347 267694698 1067942656 25 3375 15907 3269709 701 898 64 328 615 11073 24 1196235 363301 4171651 375 352 1192404 352276422 10776 3322875 95216 41 5951 1226140875 30844 704 256 24271424 22146 22432 987008 246752 69248 79749 17312 8861 398745 15422 3 47608 356926264 27247575 15 2816 44 1974016 44305 1125 5449515 190432 99367 1993725 198734 135 16348545 3075 18 5981175 1082 1516964 46125 12 528414633 47721 44864 1 3691 812914052 45412625 61688 75 369 22 1107625 179456 31814 286326 2164 758482 761728 1625828104 794936 66746416 89231566 9809127 541 1408 164 33373208 125 82 535389396 33219 1070778792 88 397468 3592 298101 34624 176 136237875 266985664 128 1816505 8343302 245228175 45 12135712 27675 1796 133847349 8 27 596202 1107 123376 5388 6067856 133492832 15375 239247 9968625 675 408713625 9225 379241 7711 176138211 138375 5535 533971328 4328 39654344 1056829266 132915 138496 2804 9 7382 221525 664575 6 123 5125 1523456 449 48542848 1845 3033928 5 44615783 16686604 178463132 4956793 19827172 29905875 8656 406457026 9082525 97085696
149
380320 65643232 941 32821616 863 118850 7320 95080 4754 10 122 102567550 488 9576371 5687560 41027020 60 4315 610 1726 794838793 21575 26020587 13808 284378 7 86300 950800 260205870 4102702 800 3412536 8205404 3660 328216160 346941160 5 19016 426567 40 200 11885 160 2 82054040 104082348 1464 43150 475400 69388232 305 581 34520 4 568756 20 410270200 16410808 227096798 52041174 17347058 8 915 113548399 1641080800 61 208164696 12 20513510 17062680 69040 32 17260 1589677586 43367645 10256755 366 171038983 50 38032 690400 15 853134 2132835 130102935 24 1368053 732 8630 400 244 6587 27616 1540395691 138080 80 1 345200 2440 172600 1421890 86735290 710945 166 1830 2736106 173470580 1706268 6904 4265670 1197272881 83 1137512 3 76064 100 51283775 520411740 2051351 120 1040823480 47540 1272341 3452 30 16 34694116 19152742 205135100 9508 1901600 237700 142189 8673529 25 6 820540400 1162 59425 2377 1220 181763 190160 2843780 8531340 14 23770 164108080 183
186
29803318 92656293 195758 577299 16 8 1566064 783032 3557 93443906 2499121 317891312 247 205 32 77411 1024 74508295 119213272 995 298033180 41 967 1771876789 30885431 2901 5941 794728280 212348 1204531809 46241 53087 1945 800506787 166 32575 16384 82 878579 232233 1167 274507682 374282185 549015364 669913 218206895 709 238426544 4724 25 21132137 2448223 512 5642445 19868207 2362 1161165 10 1003771430 8683 596066360 63396411 1105241353 83 224569311 19 167465 4876647 43641379 4 391516 1589456560 376163 198682070 2635737 39736414 256 389 12528512 4835 1868878120 743218 6264256 1371 1098030728 112879 99341035 28 1486436 106174 1603649536 801824768 401510603 137253841 3 6515 1192132720 79472828 64 5835 457 5 62695747 4896446 2011 2048 2886495 501885715 438870229 16388258 387055 100377143 233609765 138723 1625549 1347195043 125391494 1 1755480916 24482230 158945656 40 371609 1128489 74856437 373775624 741 13 33068 100228096 338637 17823 1360225414 410 192433 680112707 14505 8192 1880815 14901659 80 1091034475 202749 837325 39 14 20 934439060 397364140 250782988 200456192 16534 597 26049 50114048 1142959 33493 200754286 2 46721953 3132128 1181 1122846555 8194129 1601013574 1303 67583 59606636 15 10671 400912384 467219530 877740458 12241115 186887812 7 4096 199 97879 962165 25057024 128 8267 57 2985 149016590
938
753068 81690301 8 19 399 1949 332883 89116692 15811026 3246527 48851 6162259 12450267 147 495208920 9778181 23897541 752906 4765447 2527 154 34223 38252 1341562 1444 47815 9548 1616 1906221261 1437366 51 1377 8184 62 24 23517171 1973038160 15931694 739740 6464 28 2362216 49667 3765340 794 77637 33127889 106 1970427797 3378490 99334 14 86390773 995874692 64 1926051433 4232347 924 490141806 873 295277 909354 86697461 10 25 141 3 308 484303882 54 2387 62819 603 547 4103 4092 235 123802230 4367 16709 1506136 1383363 1168 958376125 36 378943 968607764 81 5979565 3011624 3410487 675698 280081032 901794 27027920 14852782 53779 19096 40011576 2820 9299 590554 3697 101958712 19343 5001447 50127 1317045 131 4365 12936 868 984954562 2107272 5476435 129158604 9563 383350450 71 202 1982426872 9034872 1181108 87803 1160811 57 485218495 70 129051086 248 145943 1221509 24023282 197303816 3637416 386937 15 655950333 5749464 372 33107 215116 20632 95207 2910 64579302 205338 10952870 119291908 652551927 73 1212472 17938695 61645 1935766290 157140 303118 94 3760 1048 2874732 2117 314043 361 31 752 98 376534 998649 160 1331532 19453 128979 765040 10480 2393699 35528 2920 1763077 28631963 1750 2129 179 3334298 653522408 12393 165535 903 133 8985621 986519080 331070 894136 388174796 606236 238583816 16733 2620 1519 10747 36456 82534820 729 24662977 42993 175606 4397 497 20849 6274396 2039191 132921 153008 1455 12329 651 839 1882670 301 3492 376 5820 2529 111598 645793020 495606718 44307 271513858 6778971 194087398 163380602 443844 27897 284612801 153 963119786 1364 9745 33 147948 206320 9778 60 5558 59411128 8487304 8730 28721 1351396 1731 263409 184935 6351 571 152 4008631 1410 1900597006 670781 99321 23340086 215264340 3917567 29235 251073 450897 1053636 993 616 2 20633705 2096 32 14296341 841 15334018 317 132055712 7539659 12341539 7965847 1997298 509 19972980 324 221922 200508 2880686 1975016427 665766 960708781 584 13095 397 175 42 111767 1393849 10316 667 1109610 2046 476913 6332961 15714 2809696 97043699 10476 76 658338809 392 178233384 20005788 223196 1129359 875 59645954 1936971121 59 107632170 2259657 21 180 58 22761 8429088 470 6256931 993210 9 15573 97702 261 71754780 5467 8253482 19393847 146 1848 186 68447267 5238 110961 1994041603 17 7839057 480 1195913 485569 403 129 1667149 21081368 5405584 123290 273784 64525543 2683124 23 878030 181117237 1617 237951943 1112797 38787694 1756060 7078751 73659 1992289607 485 951807772 1901413353 63562187 282 1 82 14667 132 172781546 28085093 11280 40 271 387153258 2110987 526818 1396883 25489678 1880 1083 6657660 223534 35010129 1937379060 744 70551513 645255430 11694 151571369 219 14322 365 80 5341259 4243652 12011641 243 35877390 87 7905513 58470 107558 954335264 90 103948233 2579 63244104 99041784 2324303 11707 273821750 76670090 4258 150597 477167632 25461912 1713 1078 73974 497937346 102669 27 41 31622052 231 112052403 1959598362 158971 451091 427966 2190574 831197 14331 16 2121826 3137198 396167136 326599727 2995207 204849 283567249 388 3328830 1682 41264 38335045 1904890851 5240 42145440 19556 1611 1164 5840 242151941 19053 4131 104681 90543493 539 524 25790 1991749384 22 20 1221091 67856931 188 718683 250813 5208 1940873980 781 446392 588 36973554 18867 1060913 262 447068 123 150299 12152 810 410676 540 475903886 564 14350956 2399 3481 135756929 1921417562 246629770 4517436 1310 3994596 217517309 4777 660278560 4214544 162 496605 93360344 61901115 270 1983447127 15061360 763037 322627715 1957655781 52380 47795082 4783652 1620 24553 1969909124 404 2156 44558346 123314885 4923 5640 3338391 929547 46 24760446 382520 117336 83539894 78570 83691 9739581 218650111 6668596 126363 55177 5366248 33418 55799 4724432 337849 67 2619 3512120 36987 136910875 13038 18486777 1421 1746 4889399 655 50199 44 398763 5847 66255778 50979356 66836 31087 6076 29 96868953 1176 18 11091 14769 980283612 4774 28060417 66214 604621 48 7520 159 46719 970 1908670528 21072720 7530680 4889 62174 1460 1984970743 1736 32289651 40509607 248968673 3283 61138 100074387 13337192 68283 10540684 125 10536360 554805 657 18897728 5267073 2728 439015 4150089 1505812 1290696 4312 13513960 2888 1916488 1128 217 2613019 240 970436990 3482433 33358129 2604 120 582 38906 1818708 1940 26190 7857 188267 31428 151559 124 264 5966817 88 43 331 84 17764 30 537 481559893 17032 1142341 11959130 136892 5270342 6289 1228 1023 462 401016 469 4126741 201 101 6 66 4 246580 14776909 17460 941335 22279173 68446 7175478 39285 730 1568599 7161 161337 26483 653199454 23918260 435218 2219220 239561 430232 1334 153707 2284682 49316 1943 309849 21526434 191260 11670043 168 32830019 272317323 990417840 18228 30569 194 7587 515613 13 3898 39201 4557 322896510 9986490 4346 379089 326761204 645348 3182739 7426391 10993581 4993245 8882 90772441 3997 2256 12730956 7024240 10763217 1988939 29705564 108 6839 5 69367 29334 635407087 958244 492477281 198083568 75229 36139 2391826 13601 2779 300598 1440343 37 292 3038 1968544289 12744839 1136829 185381 19490 22560 198642 49520892 46680172 2550947 322674 307 58668 5268180 193737906 103283 977 9114 454677 44330727 43052868 808 2634090 24658 140040516 103160 41769947 950298503 752439 77 291313 33013928 3587739 11991 29626429 196 97 459 968689530 634963617 967883145 250 27382175 35 979799181 1633 8516 49 135 25879 31043 577 1980835680 341957 350 165069640 93 991213436 4441 37350801 1755691 702424 98651908 6468 753219 1918341521 12895 1937215528 26956863 318 5193 1903615544 940 29218743 1664415 41267410 1950090217 7667009 6519 245070903 247604460 3234 45 405 843 1960567224 2258718 76504 683914 2173 105653 351212 8734 3232 133672 49325954 217609 12 38686 48046564 10002894 100254 373 52705141 682 633804451 170329 376453 22618977 25873891 281 117603 171871 1021601 821352 369870 12380223 493259540 5191 34649411 211654539 19126 434 294 29822977 95630 1967850999 1404848 341 56 70020258 291 387475812 3526154 4787398 556441 247803359 246 1641 9448864 6756980 461121 13067 11 203 57288 394607632 6365478 5158 28644 330139280 479122 66027856 1423 51580 484344765 96 3012272 54764350 39112 1302 614 1926239572 53 53816085 14048480 364421 161448255 213983 12324518 2611 24683078 1916752250 193576629 47 3664527 2635171 7 18157 7581 42121 705 16506964 722 1689245 2702792 271630479 1095287 50 164 191675225 38 4512 1504
929
281291003 322006 952807540 1881160 53281849 53679 91480 84291514 953889739 1926247085 134899 40175 1951229056 29 1971428413 21223 322093 6822873 364581 42145757 2274291 123147267 547 1994793509 7200295 569132 3590 16 72524613 47029 481687940 12199300 279706 26944 41 262 95764505 139625 1665310 127923 656785424 4095445 573256 2807650 963375880 3595 536 281668043 3362 4057 381897591 10611 1926582988 663167746 475 11982121 3488 138 386843425 487807264 1775776 2237648 81 57089 245 142283 28555888 2439860 319127 6056257 238201885 24 1981703245 18054502 533734 45708589 43785977 421240 997522021 2375 55151 74277 37320697 12239 6404753 3652832 27 44679 1574997 79799848 110151 6910 12 8950592 4982607 1107 89875 293317 1707625 3925 1941789475 509 2141 328392712 3636670 73026 53974 2872 8752 644767 42833832 832655 120421985 1842296 93245931 655 1851 2583 5371 1061624 30167597 51 85667664 2177711 1684 190561508 8384 6976 56506565 9125 395545955 5553 1965469327 60975908 2 9974981 2957 71657 441208 843 14 220604 674495 52655 1907799269 589631 398896343 480347408 4567 965363104 7155634 36513 93077 635052413 2233889 10360659 1923804011 1915290100 114151 37597 443944 11435 2104 5299225 5354229 842 6752 5065 622 1146512 1921389632 4052 381123016 278747008 79109191 1958164551 3455 23655811 2096 2452 302 727334 55208971 661286378 3569486 1216 1971676301 4208 637181749 26623169 2652875 8253 785 1440059 100390375 79869507 12809506 1052 435051 159832 1913899711 40520 52501159 80961 1818335 217573839 58 950847121 414175 1610030 1211 963291494 145017 1226 246294534 1970356272 152 641912673 917 103 8104 1824 14546680 1913777212 135835303 24225028 2135403 67 316 617 8416 284566 87571954 100799808 613 1571438 319664 76157 51994703 159599696 14785 110302 279737793 120525 957645050 13701 552 17275 2751 805015 15544 25199952 153 718 368 22 41103 636495985 23684827 25502 1310 237732221 60335194 986984 3052 1219 1936402001 109486259 252699 652721517 526 9 530812 3770465 248505 4574 15 16113 1994481715 991974019 1983948038 47760111 95 10130 18522323 60043426 399347535 28 7138972 7369184 13486 6104 1064793 359 1969037021 239399544 41049089 1937677307 691 173434498 50 385249417 492589068 21379453 844 192 913208 76296685 1981128811 1454668 6194 376232 139373504 385350352 9106112 11650 123373 1991882693 8399984 84233 1764832 967117703 68305 182960 887888 3 1911545247 1681 228538 16799968 386462797 131 482681552 969352411 478444303 55493 955568325 12740911 1905615080 22870 638398784 2287 19979 524 24342 20078075 100 45740 644186 1978743013 35008 2342 49 287 1059845 8265991 24105 1970752662 21 142858 515 803123 35 2164 277 42124 1179 960694816 15473737 40509 6099650 112791 1689 2330 21416916 46 3049825 26987 4821 121527 1930726208 2557312 9586931 7 30021713 379061 541 47311622 4025075 14360 1909487955 211969 120670388 1607 3736138 5240 6743 75 79 482 1327030 243986 975614528 63789617 164196356 26496125 76611604 9148 63907381 950928884 1688 1934235406 421 609965 67963167 1049998 133115845 18 20 16567 971077907 38801723 819089 151 33063964 184 5067 6244874 1934217125 663515 422 2026 481645747 40184429 1118824 383058020 1868069 849489 3821 16748 2276528 1970931843 3368 1906258799 6713 2293024 125 77368685 6779919 10531 1784743 22654389 456 194008615 4163275 106 478822525 232 1104 5308120 280765 4475296 1943 8050150 1907779478 113278707 95280754 56153 1403825 218 69686752 30 17975 1018 1905157239 20260 26972 1826416 1 7305664 127409110 507662 105310 567 191529010 36109004 11301313 239713739 656917554 1660869 8710844 94058 1942155814 12171 7862233 1917709912 456604 212 24084397 2575 10 158 4328 24174871 84248 168496 381483425 318948085 478799088 396340649 77603446 7026 919681 128 275178155 104909 365 436 140187 1138264 82835 241 73 17361 157 253831 282532825 92 59849886 1570 64 34843376 1925738019 641128799 333062 1137183 328458777 1171 19 956844255 1901694242 8326550 15243977 228 36717 79916 39899924 1744 112 457076 493492 530575 388357895 1094 276 30487954 76445466 6025 8 192675176 1917019721 246746 2620 487972 2410 139853 50399904 56 218992427 460574 1926751760 114269 17893 7180 14277944 266867 233 991929567 63 3045357 5306679 17901184 77671579 842480 487 38305802 566326 628 47369654 311 3140 83 114 161003 2053219 3376 143314 37 33743621 175143908 47640377 754093 63704555 1237 326 2969 13661 4553056 12208 13504 10708458 711801 240843970 969888251 123 14987 80 249 921148 1117 1165 228302 3513 224 37759569 940580 6 640234029 382227330 25481822 747 150 656977281 241340776 8656 1929 912 719 3411549 758097 553623 24416 152211001 261 1911136650 5 561530 475464442 211 1940086150 637896170 3551552 3577817 331583873 6736 29924943 52083 35946363 184541 4187 1996737675 369 286628 1977729775 105002318 189 304 55035631 17312 110986 643 1825 127299197 12751 1938704822 40 657591419 6423101 15700 608 479427478 23140989 1923386397 16832 420561 268 8374 265406 448 96337588 42641 46729 8114 338373 5787 13472 1595635 271670606 3194379 6119767 1768893 16531982 7850 49701 665579225 985376331 131383 86717249 576971 12599976 382737702 6811031 3684592 785719 559412 3122437 5585 116 7772 368111 14311268 9027251 175 476403770 161922 191368851 1920702087 1989503238 32 31 524999 639328 166531 121993 4501 872 354931 48832 1982437313 1902771317 3529664 2435 121951816 132703 119699772 3453553 4586048 97664 38222733 31081977 1698978 71429 2909336 127579234 134 230287 2188 14893 11169445 34624 48168794 1549733 1205 1526 191113665 6299988 283163 1082 263 96 1153942 4199992 15920037 6191 18296 4376 235145 1932313985 7713663 13 1436 243903632 1622639 161037 137 4355422 1901857768 276044855 896 4192 882416 466 959 1983859134 87 12239534 957598176 23247 994751619 5825 3142876 28622536 13503 6055 240173704 213970891 17 2654060 18769 89 3648 12382 7749 958854956 38 1385 985178136 1048 12846202 242883 69 2099996 485766 33599936 1278656 2571221 19949962 26363 188116 13952 3321 393 12586523 12050 865 173 82 14738368 8035 3149994 17504 199 24759 85999867 33391 18852325 363667 14947821 79089 76 314 218972518 57 15259337 23 7126 637045550 17421688 237267 3537 44 43 53 106115 1972774257 313322 210620 285716 25 5419 1795 1913688510 1977996941 163 82098178 2259973 152314 20497 1242525 21062 7551463 1907417125 11 341525 1939776502 970043075 213411343 470290 156661 101230863 1915196352 221972 861 159 1013 48 563 36592 27925 19152901 1914313223 1015119 4 330643189 1219930 319199392 1382 7642 281 388017230 4015615 48339 318522775 956888606 7273340 34550 112306 3563 1995044042 66127928 12112514 14372533 120086852 763 39958 3097 39311165 109 3886
988
533 332519972 22046490 1817 6505318 275863742 52509 17 2624170 134 32665172 44 1703 8363562 107 52596 69743 2435 380133478 324129534 132 1389 394470 2246378 7545 1788 195434886 64 1013549 8103889 788940 1948238427 319517296 5705666 20 27615001 496046025 1574502 35 761 46428070 79367364 15745020 6423489 1985 36522253 677 131 6530698 12575 383915390 131490 3265349 1937710145 953481908 327857464 328021250 237 1927562689 616324 396836820 663949953 1968681865 6610 3944700 270 397 67490572 136935984 28013 3927 1971 11807 4642807 80102 1960102398 479275944 375 1985812567 91 489161 193305007 12941742 979844 91473107 280869671 48 130 119100 35791 184 974 103533936 3213913 5016 1 44092980 87 292 17387893 219 8 59604086 1997132626 32572481 386264381 65745 376 2836817 653367466 1652500 3263049 129903469 3053119 478 1984184100 148274053 162972 41871353 248125 212 386610014 331 1969485081 386525257 44707836 2977500 128562443 648259068 22703 7858 717 27 24590739 38954 11513583 662 1936946462 19477 8196913 58 2523813 380710174 959788475 5615945 39683682 175549654 30079 4350732 99209205 498143873 102303721 163928732 656495027 242 196087 655714928 24350 42 963041119 32 983572392 92 7451306 4313914 285977 180734 19969831 10573 17871349 42815 102538 1953710659 78894 965523097 162064767 271561 1143908 1906963816 1976669941 1906757397 977174430 357 3155839 1018575 6513478 679050 7348830 14697660 997559916 580 51 2025 50300 20731856 21915 36577 285617293 125 26298 47381 950333695 21 220464900 165348675 1123189 103614835 498779958 33 30180 1224805 393736373 2644 1972350 9121941 368 1295741 595500 26455788 27835097 20286888 60 5330 276150010 352343 2682 666297106 37595764 75 1176522 41 540 88043021 3259 154 1935679409 50 492031875 29285398 42039 8818596 391027 2787854 109 3970 2508 6279334 951775435 9054 23820 66469 1588 33745286 238416344 239637972 900 198300 67905 657 209 1997705079 661 2012 191957695 661394700 410 519 247 4681895 333148553 1906967472 334 387542029 489922 1948816370 14714219 271620 490222 11411332 1999321051 4409298 100 625 836 2050 73989077 149520823 22353918 135810 116 40982183 933 2256 9398941 65 11023245 2700 94 3385 82625 1933050070 308162 19704553 1900667390 25883484 9915 1672 642812215 273871968 9412176 476740954 36846658 16848589 167 7940 73 5955 7869517 8293333 257 290 1969179757 225695 91290656 3149004 1930056123 19681275 79 12 976436437 188 8627828 1314900 357139 6762296 1907330752 4899220 37 642 984063750 121 8766 387517547 55363147 225 496250 462307 3369567 224 244 3422 463 8100 300 73488300 6739134 5182964 713721 13 3582646 564 26122792 81 1066 3725653 418 307 3641 159758648 7500 40573776 131208500 1948 245030101 2 1568696 13524592 635585799 19841841 157788 4297 1991849859 237907 22822664 426429 29220 231 4148211 486194301 59610448 4671 4187 992500 203715 2283 33050 66 953665376 265991 132278940 164010625 83742706 27365823 106 28368170 297750 18372075 656042500 247709911 37665397 734883 389763274 968473231 109575 150900 198500 51269 243 298 5248340 1957226588 870 649412809 980120404 1358100 1995119832 11231890 54324 326683733 3571390 245111 4527 1903550870 3252659 1925133887 23 22463780 25150 47 45139 1467483 1978510913 9363790 6844 29775 7305 1981679288 2591482 13052196 122 5380771 794 244961 1307 115 1509 1920621693 5364 1968127500 1931046194 168 1967144784 109731 81486 392174 46818950 1919856998 814860 39545105 150 53 108 113175 146 36744150 14013 752 966525035 1469766 1312085 16142313 75450 23409475 2922 1926082238 77 992092050 68467992 16483 8378083 725122 19 54021589 330697350 58210159 1740 7 68109 986175 10365928 97717443 36 465283 10032 176 586 998566313 612981 89415672 33173332 845287 2449610 37725 245 1472941 649517345 40743 108043178 24947211 81964366 57 1196869 750 28 958551888 810 1025 8003911 488587215 8563 3381148 1919576950 5673634 7601987 787251 152 1690574 1450244 119208172 21314 959928499 447 54 1006 9925 1322 18423329 4870 76 34233996 45 20722967 239 991500 228 841271 204327 29802043 13120850 95 221967231 10060 99250 3305 78371 3139667 13227894 1952093339 84 640207231 276815735 2515 26241700 1239375 9740 59550 784348 264 4050 110232450 1078 196812750 1350 118478 3040647 4957500 1254 25 24181 1937587735 16007822 180 1928436645 158913956 17503 476832688 11 1557 23214035 82 1983 490060202 40051 3 19830 1932626285 145 135 456 12175 13220 663218198 148875 393625500 2665 1128 2852833 122946549 7282 89 1966087697 111 8166293 88 22635 39728489 3750 38 389710407 826250 211861933 24496100 5071722 321 9159357 665901693 84242945 262980 3018 221316651 73050 162 994827297 990839644 10657 627 282 953483736 3674415 500 1948552035 2311 65604250 4383 1382737 20141347 194881637 11958878 219150 73772217 18 330500 1472 112 17532 226350 584 614 7135 214 3966 495750 119818986 17923951 17255656 26 1279287 38391539 348 16 452700 8315737 1488750 59909493 190066739 435 238370934 6106238 7811 90 1954348860 59035 17116998 41463712 6036 67 1250 324 1711 216086356 146426990 250 293 48362 32821 45645328 16847835 13149 4074300 187 14184085 30 1427 12932 249389979 2037150 1989654594 1998891318 142143 114 10 39660 233 49 66139470 1393927 27162 12248050 407430 24311667 936379 9 238370477 5851802 14642699 138075005 119185467 2382 1049668 178831344 1434 2535861 487 236 16332586 13581 1791323 10649 450 61 18108 5030 14 362561 99150 97 166259986 1309 639034592 274419321 7909021 65144962 665039944 1631 719 5113 6470871 1341 9285614 154081 736 165250 9777 48700 1952872874 672 55230002 390869772 2500 3137392 978613294 1461 33069735 11910 912 561 55116225 18797882 438300 70 22090873 855331 1500 29805224 894 56 405 39409106 112996191 31947 622 16586666 385687329 190355087 162862405 4764 59239 25078522 32802125 2459 18318714 336 1931321905 29 2353044 623 1944777204 2852765 174630477 1872758 14610 79879324 1785695 570553 60119 49625 197235 413125 52163679 59 782893 205 1992575492 651449620 73213495 34511312 6613947 1908449054 78725100 278870477 24929 670 3233 69 146100 503 635655824 335 39700 184783 1943770699 244813 79456978 4181781 22 82927424 1057029 90367 974408185 96 1357805 999445659 5844 67391340 5979439 588261 87660 29331 2717261 1191 972388602 24502271 339525 87993 328725 245893098 14902612 4492756 3344 2141163 51766968 153793927 180357 1620 3837861 6124025 1912234343 118 15 599 21970561 46 16525 36525 495419822 98406375 6526098 3936255 83129993 317827912 524834 26194991 98 980051199 119 130289924 174 39939662 19850 10143444 528 7872510 198418410 16872643 491786196 596 531982 2156957 173 7932 6466 4706088 39362550 66100 1917103776 2925901 3929 55861 8558499 325724810 6560425 49575 13061396 675 39447 331609099 714278 137931871 996287746 5451 83505291 43830 304 45270 643352041 32966 15090 489306647 2175366 3256739 539 2478750 954224527 149 1131863 87774827 6 640311749 5 12539261 311 4 262417 1953641077 24 1960240808 476741868 164105 657450 11176959 571954 2939532 33695670 8397 1920935247 176086042 76783078 2204649 13478268 90540 1875 10272381 141 1087683 2799 3424127 247875 744375
915
65683 63583511 42 48979 662348225 299 31711 96086 84291 4102162 6069537 719997 31 432195 4046358 1130 70798 1050928 365 489096805 5161155 1937263893 9878 50611 78617 2065849 155 649458441 391832 52995 3388812 5896275 593 1947570301 486 82968 4162526 478669695 4936 63764902 692 24 36417222 4601 1914678780 101325343 2248 3390 4708 1903269263 97958 9344588 813805 67275 9886 1011 55380982 115111389 68423 6398907 578 3803 201715 3 8615087 61636587 397408935 1155 11795 13994 61532430 638226260 249967729 1038 1904948456 987159842 273525540 3784 89 1439994 20812630 17315 282470 842325 21205 143974 498237924 121579233 2051081 8710070 1946175 7915 11354541 25949 26450333 33945 54705108 952474228 393388 83891085 68381385 20812 19052831 389235 972258442 3463 11519952 55605 674393 6607 1685 1707889 1694406 12306486 1363573 476237114 92675 635835110 11865 140 1409 68155021 2171913 2359 449 202444 1953269613 113 276904910 141535316 41323 41624 730 69 28092675 9 3457 997350737 1912790834 1219 173 7910 395986411 182045 112456693 13 1988097 38614 20545529 1966529988 15413 575 562704 470 6831556 217316 1483099 278025 11432 56494 5055 2883 1945267728 601 1992951696 392633238 191467878 11723 188 109227 519 13455 45200747 16567475 803098 2190 23 1291 4744 18689176 1124 128632997 35383829 12042695 394098 1582 1627610 1999741832 319 19756 1981494424 287948 93784 130877746 3657 138452455 282401 1938394575 585 131366 141596 1296585 44 5004843 475618109 84278025 70338 41519827 1277 651089871 1234 24278148 101222 951236218 849508 21441 129226305 214 4152 9416 62 1918766495 196694 281 56194 564940 3313495 31911313 29616 2132969 162761 1699016 2226884 898 1129604 6 486316932 1035 2691 11626406 73 141235 10887332 10406315 5443666 953752665 1177 20228 3778619 6153243 996564095 1429 4485 324211288 86439 2768 168582 35399 2354 71767 4241 3371121 1725 806860 14528773 8472030 20510810 140485 1902472436 389 25 438 636911399 290663 1576392 11121 16 242 146 7077 81 528473 2546908 484116 187568 20742 2372 123969 40456 373211 327194365 77847 23730 9872 27352554 12947 65438873 20 28 728 11 4 6779176 723971 33693 4131698 5964291 228 1583 2420580 2925 275 3533 1907505330 195 25595628 43 2554 678 1384 319113130 152 36409 1930949203 3112 119887045 56772705 6010 80686 72343319 9492 105 243777 1914680809 242058 391 15315 387678915 107205 3999 154456 1218885 1851 19772 180640425 280970 2697572 28097 36808 1892 7475 1925 21631253 10114 1900632707 930 535109 13676277 235 493 136762770 181794712 2351621 247686803 18208611 29034113 1273454 95909636 4939 3389588 791 88 53 337 1948375323 1123707 26493929 1556 181922 35 520081 5175 4526 720325 22724339 95733939 403430 36922521 391277444 346 5105 10255405 406295 280775 283863525 55976 28247 1433409 21 281352 1021 51 115 479548180 2336147 825 38 27983 4746 2260 648422576 8601925 1356 168465 9117518 476590447 83039654 211 249118962 132469645 981583095 22 2081263 2076 81052822 961 3063 1976495609 1993128190 4453768 383638544 36126053 31477 18535 39512 1911763781 4265938 175 28813 957339390 975 972633864 304 98347 77228 3877817 36128085 186 58068226 16855605 97819361 3592 12020 77 131 271895609 101119703 630823 79481787 275839187 428 635092121 54329 25525 29821455 44680799 85082331 990747212 1606196 27656 9940485 17063752 196316619 654388730 536025 317917555 14808 8425 1138487 1956387220 283070632 192172 25845261 2723 84 152422648 40343 946 104 2916 385898991 1695 10599 325522 195916 2034641 466855 1921787111 495373606 239774090 107 1974973613 897 1796 3784847 47954818 54625833 25805775 29 262732 5716 4558759 116136452 3707 3152784 19307 1963166190 1151153 1495 239999 1905276363 636727 178675 339 16526792 4514567 420 23252812 333266 477803 133 1492844 493579921 43075435 165 127167022 35735 243 112988 55 2824010 76575 310 2721833 8 972 1918192720 511 60 10371 968 401549 93371 4672294 456 871007 546135 283192 486129221 5592739 219 159556565 121029 8304 243158466 1930874309 4355035 332158616 51191256 48 77535783 40526411 116345179 1944516884 978193610 6997 11231 5648020 47 57 182 8263396 421455 26130210 4227784 161372 114 166633 47460 190750533 27988 55312 1988277 94 562 1979932055 327754998 16778217 52 556721 605145 56 226 421 162105644 159 63822626 81259 5057 21218399 176925 48043 1210290 398625638 491632497 3005 778 215377175 325 9202 384344 988355981 3839984 374569 70 901 8531876 197049 1965425 3061 20723 60213475 64651 41484 23745 15 27 999870916 662759 666532 27690491 26771 1032231 235851 121 117 1742014 17 109251666 22425 34 75 912 46239 51788 72162049 651044 1929494955 643164985 11837 655509996 6914 664317232 1056946 212377 69260 996475848 2075539 1202 1 12139074 1412005 17665 33 525 102382512 26 473 124559481 1938334370 393085 41625260 218503332 18404 14811893 2 14 1095 9230191 1348786 5775 94431 21784 149107275 2879988 289 1113442 3955 12797814 21774664 1333 727688 499935458 10406 452 2263 34127504 5 940 525464 1458 1156 1994701474 54 46892 60587 108658 65 404888 953180894 15820 2468 917 2408539 40 1691 35169 5093816 5226042 108 162641 856 4749 22793795 617 86 652297871 71987 259317 5813203 434632 564802 2023179 381501066 31882451 1179255 484 58975 2113892 45587590 3255220 5618535 1694794 324 36 13852 817 646131525 275025931 210 1974319684 3702 424754 949 165936 163877499 345 2160975 2703 1901 746422 18924235 49702425 225 18235036 1956893613 68 195638722 62169 6789 959096360 1943632121 6926 199312819 67890 179681419 44435679 26428 6643 10892 140676 207 166079308 162 956395417 103576 2373 70767658 76211324 11315 465 19 28360777 1669 6482925 1668281 479998 648725 847203 2858 983264994 23977409 1921274357 1872845 3212392 842910 5759976 5446 216486147 76 18 1720385 5203 10 729 7 56155 1333064 172 8092716 1919992 91 38105662 1910734197 1977868043 94621175 16944060 30766215 969167185 14475049 25275 193833437 364 22630 1987044675 565 8325052 382935756 13828 23446 7404 127645252 46505624 623 1173 6780 13578 1038913 385 80 45 91175180 25894 387666874 3415778 662699 645754631 788196 148528793 35385 30 344077 13065105 5108 93 129 1925181517 847397 129745 9364225 344 1906361788 65922889 38370463 90961 13214 45448678 1605327 27963695 4943 90897356 231 30593 4236015 7147 72834444 39 383753299 238118557 959996 191819272 6195911 217029957 1976711962 3090179 12 2404 363844 1186 34630 3164 144065 7225617 12307507 2613021
908
3067534 115756 9776520 1297 76256856 4680 36015 564030 5430431 16 169 271995 35100 7800 55040 31773690 3530410 3031 8826025 12 1911 129 394064330 142676 70200 9822491 156065 61414 15210 21536 456300 675 4632202 41284 6849328 124899913 2294 244413 80 1902822985 530 22244 150378181 54314 6458 15337670 1086280 46 972093706 16886 2224 52711532 135785 91289238 25 389877633 1950 1922363830 18252 265 781565 1521 275 11 1629420 9532107 543140 127419185 8141825 229 7167 559 156313 91 245402720 52956150 86024 33155 14820854 78812866 294499 5707040 258 5504 1950326684 184 9094 1745 215 325884 49 197032165 344096 425093 1973690723 45463171 837941 1128060 900 16900 1909363295 14279984 46616775 265915 56403 100492805 26478075 45630 100319 5476 320 44488 54366371 287945 62913764 40 16919382 953210700 3229 85911 2120 22828160 4240 136943 4558 231512 71338 215360 216 651768 4 160 5470955 37041920 10591230 1025 601377 2118246 665 605 17550 291712 65579 28559968 54725307 2881804 268 39 337993 61350680 25350 249799826 16712 969336029 7410427 156675 63658 32 2925 2853520 1926796478 120 133 44462562 688 37 313350 22815 66885 1116843 9718 48882600 91160 17652050 60959 30420 114075 640 1157560 3025 312 106504111 814710 3567 7139992 383077149 13423 196737 650 450 815985 706082 271570 190642140 5639794 65906475 228982 200459 2527 1901874542 535825 317736900 271831855 830 182320 417800 1210 158868450 1949388165 6135068 54553237 70608200 28939 89560075 10 17614 712318 397 487581671 95563 74 1696 3440 1059123 4448 62670 24441300 1029 13181295 435 50700 1720 1911890166 41135 73323900 128 381872659 135 12273 228150 961181915 780 152100 10140 3177369 13177883 626700 136933857 912600 5865912 8227 117 36 273867714 588998 1376 242 6084 1864671 21182460 600 7351 98161088 86 1607475 91208845 147 428083 1060 4793005 956758928 1700372 845 260 12709476 351 4178 177952 10903 5384 2779 24540272 23 384472766 861440 18520960 2444130 2600 4073550 7203 81471 12675 476605350 36504 270 47 1357850 297463 89 119594866 2605967 64299 31335 12220650 238302675 364640 4720999 977373103 1800 1683379 6110325 4859 1487315 950937271 31829 105912300 22790 300 107505 13460 182520 1954916353 15886845 31 27 7164806 1922287467 3075 60840 14577 41780 125989 640762489 105 123 31645 273 9116 45580 4393909 463024 57878 87 26355766 536 22295 219518 433 26 713380 5763608 9260480 1300 470025 250680 1170 556 2535 955945083 1112 6050 353041 75204 5400 1499 3392 35824030 1955304 89175 1970321650 1938672058 985160825 15155 21883927 12635 11527216 59503537 429898 6329 196322176 966647513 5 343 95 649796055 570704 429555 217256 14356115 7 2871223 325673 4888260 4091 9 76451511 468 139624729 9126 6485 11945 23400 24 6880 72928 10860862 78 1998398608 33800 638461915 981610880 21433 11700 1929047555 651346 12534 226 1755 1253400 26920 3497167 1350 112806 39406433 29467473 1424636 486046853 2389 520 5945 159549 28637 1403213 684715 278 43319737 67840 382257555 13760 7668835 13698656 4393765 289390 2738 18801 9323355 285352 7020 61365 430720 147337365 162942 1412164 12168 3666195 9131264 1963221760 6631 84878 212 156 1365 1964235833 1458560 407355 29725 14040 4630240 214949 3900 2089 238014148 3107785 878753 55 10768 1222065 3760200 21048195 2144 1963118132 21721724 325 114491 53840 720451 23054432 1765205 1328 166 2636259 172048 195 1304147 8775 372281 752040 1880100 7817901 130 860 149820731 3256730 110 31456882 637095925 8147100 113 14121640 15 3510 126 3365 1533767 393474 30 1280 49112455 339 725 2824328 23161010 62 578780 6 86886896 1072 18 5584215 8807 3380 2808 5629 356690 3569996 11489 10445 385809511 6784 239189732 392644352 59797433 390 1628365 178345 1954746206 637296722 16960 940050 75 169756 119007074 1715 45 5850 926048 83 7060820 211824600 72 1904113184 8459691 79434225 9555 145856 42439 424 234 4459 57589 15214873 1080 1915385745 38025 94186 848 124 13895 755585 1712332 35835 216598685 280605119 702 8 13377 318648361 11122 2401 1906421400 585 129959211 1189 20642 468195 15538925 7605 1985 2917120 25483837 639024666 41 1560 507 975163342 3258840 3042 2036775 54 21506 1014 19487 245 5431400 2700 20890 2256120 17835 65 19 403 104450 5289095 583424 4563 47660535 952056592 22231281 41043565 332 60 122701360 86144 282015 20280 90665 2282816 180 172288 1404 676 225612 678 451224 5295615 88976 148 499599652 729280 5640300 200 2932956 107680 11280600 673 490805440 8472984 45656320 54399 2333 108 1141408 95321070 76050 144695 344 4588 43443448 361 205 12005 31213 7332390 53183 1369 1157 550 2656 8450 304795 621557 21 21501 856166 50 131158 30675340 45956 100 936 125340 18232 338 33920 1933295026 18133 179120150 1944187412 2692 8480 3704192 380564597 488826 319512333 8208713 108628 975 1861405 1964891451 2316101 83560 3185 146647800 235 735 5145 36464 64 141739 3424664 850186 148715002 29 733239 1902562597 107165 664 7408384 30429746 1690 304200 2175 16283650 151117 42 272766185 2715700 1094191 36661950 101400 38128428 1410075 43 376020 6760 360 109759 94005 91260 174499 61372987 145 256 27157 958536999 892499 106 11414080 629945 2315120 22 45644619 2028 20381 39089505 42364920 2443 188010 63547380 43072 349 25418952 2165 29154 12270136 1057819 20455 27520 2279 29329560 279249458 14664780 22978 273626535 4209639 232085 1913517856 14 104 1002295 999199304 150408 90 2977 8505107 490779533 15728441 540 10321 1947669503 6354738 615 92 13568 2752 4225 10753 146350969 430 21968825 2 368 17912015 5561 415 7016065 225 455 13 30707 188372 64457 1 13029835 139 4547 678925 50136 172 46417 11580505 16294200 6730 1917073998 981559066 963398239 93639 321495 18241769 30329 3006885 37602 654963817 213008222 637 1784998 18330975 1466478 2820150 264953 143185 356159 381284280 63 3 5070 134 2819897 11395 635473800 4409615 797745 958601 67 1346 25068 881923 11008 150 1440902 4565632 52225 478379464 4056 1852096 8356 19064214 20098561 8443 192236383 1805 1147 4236492 163197 49080544 977652 74357501 20 35 476028296 52 6267 35669 1352 2340 35304100 43012 1911287775 53 654239 127692383 47093 1426760 208900 3582403 127094760 12215 121
961
870 127459 238648862 39619 88 7466826 14323 21283754 160 284147894 238358521 47500 5894 32899 95104710 107 972519458 9510471 37 81386 489962926 3299960 383140 16880 1961915324 42 1915708770 72247 553 81775 11224363 41106245 13333272 285314130 283298 197309976 328990 1911885 118138 493274940 142073947 977300554 179757202 997084720 98697 1993588668 1931141638 950 396155762 835 499 339985 1997325710 1343 109 4205 134455 123318735 141210416 66666360 586499 334 10585723 244981463 19329175 9921 28685 2955 319284795 1649980 164 55377463 362 773167 284457 1153 1914527863 25 251 213032407 1973099760 15667 14773 2947 17730 174457 10567190 16087 17937553 2306 1909190896 53 87199 64553 1914201915 224 5104 9768426 100920 1706742 1480455 1318502 648294 38314 26 71564 1345 70 493485 21700463 5046 198095 3271 100 199732571 821021 1975848301 161110370 498 11 1274590 23845 649678 24221923 116 324147 774094 485 240 232 3376 11487513 990389405 33333180 1670 1546334 986549880 17874163 3083 63530257 16111037 4218245 1910070895 31701570 95785 164495 5 49854236 249271180 99708472 31 53192029 221509852 407 824990 2375 145 276688802 19410 131020033 3170157 212856530 135 34 91 538 1999810106 1890208 397099 18982459 390098789 1954773917 83 14 90 1911149891 89 590690 127613461 31751174 12463559 793 49327494 94 60 389984975 17030068 22067 218652614 1950493945 246637470 191570 3367 120227 63 65769992 1834 50866250 20525525 1207 696 8221249 399465142 2180818 106 1949924875 459768 44 44897452 178918643 8825651 31334 4105493 35 238297249 945 3865835 48227542 15030 2034650 5086625 1977329222 987565346 984045905 952038460 199416944 490478831 27386 1925691275 3006 393060099 6728 58230 13599589 635642386 70605208 1688 4413 408875 2782445 953434084 6340314 49 1154 1924379922 15875587 250 148986278 32 21883 7397033 30 1945038916 5551 217 272596531 464 427 1294 1448 764754 1472698 1980778810 966662220 1906868168 190 189597 281348281 25328098 19406363 657699920 422 23080 429844 3733413 77316700 1940271809 5555530 498542360 625 987743944 189638 1914601066 10232791 1941417011 49507 39781 1682 844 164424980 4519 962467724 110754926 19157 29115 198077881 262 644441480 38 421 1628071 3779 4725520 3505 953188996 6296747 378 5010 9451040 21072115 380815384 385159793 501 5737 296091 112560701 25230 1965300495 483331110 101312392 1949447971 1969437967 77027651 9038 1003 472552 11540 8515034 119225 387047 6666636 11875 470 50656196 22191099 999905053 1147131 394 40693 1996068799 1933324440 1932917500 10548016 197 16666590 1976945824 505729 638067305 178 10173250 10 3092668 47552355 406930 5283595 3241470 568914 236276 318 76628 9724410 7632863 57471 998662855 54 142843579 493871972 1934091749 574710 96645875 3823770 76 724 983936763 11646 962189961 66573297 4547746 1959851704 12457 33640 3235 8410 127977 1956384399 267 25433125 1182 22487177 463 66201 13693 210 413 315 1993642542 16535 73970330 1103 143128 1925798965 71 647 138344401 166132389 23688598 1 32222074 10641877 80555185 9705 1951711518 3 1968091810 282264043 131 21 1503 332273757 494236456 17349 390609487 1233211 114986701 493782673 655100165 49605 16 120 5783 4825 842 24154123 2777765 101732500 61 1953047435 3546 59069 902 17891 332264778 45 1924935448 277 332866485 6275 2315 477297724 1056719 412495 2192161 5242 451 6752 1090409 641459974 238009615 46587095 3450589 1944882 5823 317821193 193332444 1917291663 1666659 4021637 47377196 1921801123 31375 17651302 22448726 596125 1111106 3096376 348914 61779557 379194 996821271 4750 28915 133146594 16820 2 2408033 58 142 148207 109544 179589808 47601923 319 6192752 971232518 42571306 8357291 2308 2113438 42659 1989035258 242465183 122 966458750 249 12643 4616 2442398 15265726 27199178 348 2621 22222120 34060136 5735655 57062826 77996995 89794904 650570506 159 4535882 3681745 173957447 4 20184 9075751 945104 36985165 7658342 15599399 25286 1620735 16442498 4816066 114942 15850785 540245 67461531 965570819 1276 975855759 443323 3364 27 394619952 11102 398833888 86745 20754 665732970 10092 801 498397167 1002 187 11179 30781 80 652128133 556489 329996 1970 21285653 50460 1181380 386583500 1939 985 5274008 124635590 382014179 126 1149420 5910 273514438 8 957854385 246935986 843649 998599455 127713918 98654988 9500 435 152 370558 63856959 2637004 4105105 39003059 13 979925852 28531413 12347026 1967873526 22 176 3459 481 1916015863 15 917 841 1017325 7021 129529 1471 290 954595448 24 500 82499 3829171 15441 1974742133 29 20 1913531917 485616259 216098 11111060 1941 30433201 325285253 97 23750 125 475 320729987 95203846 282106019 328849960 317 2885 577 1900 118857 48 1080490 52687783 59 6173513 1948477429 1619531 1753483 12 196809181 2006 15287 393460391 1983086 117002074 1954601108 37041078 4769 6470 591 7515 644491 476594498 580 380 19020942 153256 664529556 594285 203465 2552 22400478 382377 9317419 988472912 826 1939721464 54772 385138255 18 8333295 151903241 119 91299603 476019230 324839 174 2267941 957300533 40 1904268887 1968105073 36 1912535441 16856231 637295 5683 1255 1890 968410807 19 3918223 136757219 20346500 592182 813860 205 295345 1995535 2273873 241665555 24663747 1424819 199719891 638569590 1597 2294262 10377 11471310 123467993 1244471 62317795 953463579 4220 981588567 142657065 1936821614 87 10294 41 483229375 5147 484930366 2298840 1997198910 33760 89878601 82212490 82 54391 182 26453 287355 5602273 639097221 285687158 1906377992 17743961 349 13147 3333318 35947 51397 185279 110335 17 654392378 994517629 4444424 1975130692 58501037 190407692 3307 33712462 167 119324431 664547514 156670 12664049 1773 164998 2488942 7 4862205 18520539 74493139 8428846 214922 48333111 64444148 185171 1908175717 102627625 869 984103 221515838 273021413 176173 741116 7624487 15463340 47 162772 327196189 44382198 6 3256142 3480 221910990 534 9977675 486259729 141649 399107 26891 45861 10484 107461 24113771 4889 8440 991543 1553725 1994169440 382840383 27532027 996794334 2896 1963177134 331005 854 638 95 189 4384322 969860732 2110 22975026 42144230 63199 476717042 7731670 94819 5770 8865 1904076920 488650277 1919491198 972441 28 322220740 4069300 62149 211 1955193277 235 1160 110757919 659992 197394 110955495 78335 270 988664611 50 18076 4835639 131539984 273898809 106428265 481233862 9 14042 1967301955 112 103 20108185 959745599 16355 126430 128888296 71615 555553 1987005893 393618362 853371 4214423 10321 38041 12615 63215 3882 68120272 240616931 193291750 1740 282420832 24927118 2222212 630 736349 1998855389 766280 174151 965 2362760 181 16714582 123559114 1055 6918 1942465036 153181 259 7768625 2201993 109326307 11844299 118 53371409 1906927158 659251 1986965753 193 7363490 383141754 269 4257517 166 701 986970 386664888 14794066 191570877 2505 254918 346549 655957842 2960910 1975487888 229884 79 65798 35302604 327978921 310745 30882 1250 1548188 1221199 56 4884213 32884996 2523 38658350 35782 11200239 399439782 108049 1586 2500 247118228 980957662 6888721 1329969 11227 67997 1602 126398 277181687 238 174709193 105 96666222 2690
969
23 61 2109 208 7286 70813 4253 12057869 190 44194 245094 40 47651 46 4532032 5214677 7418789 644928127 228 1163 42150654 234 79 18758 211579 97250909 9681213 11062127 27 89246 2596820 637 1969420264 1972068862 22590619 99 1793 571812 490592464 283011534 474 1918293309 17099 384040523 282 1077534 48 677 645996049 3745 97890812 2642 32274 246790517 14980 30551425 2857 345524 1406 64 237 8356783 65347 21406742 163 1987406183 2007174 315 10873 24656 51088868 21464891 1228649 428 995 182 55571948 56 1933231270 241995414 36173607 180109 6928 677577 8640331 12880370 966615635 16137 7025 1920202615 11974 25760740 76195413 184 90788 4218 3472571 9379 721 208397 387023 21770118 660360246 21679631 486254545 6968 80665138 12343330 1339 5263919 1245296 1458779 268 154 25244682 102177736 41717416 13892987 303 115386907 1981080738 23887 1931081533 55289 1575 645 1089456 2341703 2140 970688492 7160452 1833 479750284 2356 33636 76986 230 172941 1316986 27627791 485344246 12640649 232 299 519364 246177533 16818 38493 13936 86403310 7828133 68091 1 107334359 22097 207242 18177740 1101608 158778877 618 9757669 6385427 6455164 9626713 275569 984710132 279043583 484753623 33 8137 847837 280789931 1974 1915530556 304 67 85 535 608 120997707 1981284385 7490 433 46728647 993638065 398 30074 24411 1298410 1987276130 1288 230588 25662 1947382451 8600543 273 103282624 3 9593017 80 917 202 1962369856 175638042 10885059 644006154 74 658 287 86718524 1331393 701361 222 76989591 58 49 142953 141 14837578 191 15569 3097033 2468666 969507246 12772217 6171665 1834 5694767 14050218 1638 91 225 5987 1222 105241 866 8435749 1742 29606 5606 387174445 12328 9373 1935872225 16274 233787 1613791 32 203434 158 649205 5896373 4207447 161330276 498631513 137701 990540369 1777 14908 210518 2542729 29816 173 3391 154398 133172419 791 198727613 6440185 178473661 87819021 80132 68050904 16713566 6 644 1498 1377845 51495852 13 85626968 1944596026 117 8227 1973476216 10758 27785974 444 140672876 278094278 476336631 14 69464935 10017731 10429354 330180123 44623 819 3464 266674 326 2203216 539 10998 987162068 95792 8409 285906 179589 39 275402 7025109 1059827 1994526052 1994329878 16932314 225859 359178 119726 332388313 7256706 2838793 8 12232424 57 25398471 77831 4544435 653825379 6889225 48822 986034431 105 8466157 180131 38019892 17012726 65816 103621 43359262 28514919 871 31 48945406 345882 34 244727030 967981656 2457298 1942986764 42771995 83 59863 525 959500568 489454060 412007 691764 3058106 57647 14216 206 1915874527 14879 15485165 19515338 12910328 4857365 2266016 213533259 63 103793098 1216 122547 1260763 1604516 343 14531 131632 1520 18451934 973327983 204 86381 277674674 3242358 19156281 136182 2576074 5331 24697 21075327 10073 100281396 28432 12 581 1790113 8923 5539 152390826 283252 19362426 24472703 2326 15722863 76111 61324058 1916320635 952769339 50140698 195781624 6021522 997263026 3727 997164939 527249 25733 11162321 1323365 283915169 492355066 1946659946 4784 10173 77434889 41 6782 1582 13564 28389659 190604 203 1921862861 1070 113006669 39863369 2709161 31445726 77199 3666171 23948 283896590 18494 33427132 703 48067 1919001136 1732 155662 546 126 749 65978849 1921799331 5 1992485379 49175 3554 213143701 1294 641579925 1541 181 22 3296056 161 95 29 9247 11852874 129 1196 842339 635115508 2934 309 3010761 73807736 56779318 1924739775 35 1963210271 19863877 1925675285 1993969323 463194 214 1917201171 1321 952673262 78 25538 9291099 116 242672123 70 589 43201655 362 18181 17165284 622648 7108 1288037 262 1997586285 14803 1631 51896549 3066413 31312532 40849 42 37 648885322 647 1421 129458 214983 3666 51521480 773 1969361305 322660552 401129 71 978908120 27712 10662 130694 664776626 127754709 978 9127 122648116 3629 147615472 18 566504 380 19 9714730 5714 329 1072 98 148 226 5152148 56339134 40692 665862095 2734 101 7 12873963 26769 25070349 16 397455226 175 70336438 1941376984 45394 1920690713 10527838 11709173 526528 28169567 39742499 18330855 42813484 95302 40066 31486733 9835 43 39983 141948295 71177753 3005558 438059 317557754 39727754 51 963126419 322 1467 77 478882639 691048 65611 152 138837337 4084439 1921113373 246684527 903436 2317 128315985 32473 1961577419 1961476137 986738108 536 20033 1529053 24667 493369054 123335 105259 81698 640599777 10 658493 18964127 971861359 131306 57029838 324442661 971036531 1939014492 52 248 25820656 221552147 1967 320528 199 3635548 259682 1935963312 368 29771 664161793 274962825 1223 3484 217941793 957765278 533348 1178 21 1957816240 66 1502779 1405 760 8554399 6454142 10304296 115153 2710308 1003587 124 193323127 77845 9504973 181576 493581034 9569 5047 45 483990828 386646254 58546014 1953305081 20858708 2803 100704559 334529 1974324136 1934784381 50796942 973329973 276553175 423 1805807 3345478 322003077 7454 141505767 102 39367 17280662 4277 4639 3209032 1078 664656441 111 25281298 1621179 363152 360262 2996 131 141626 26 115 4 129841 272364 1578971 12769 113 3950958 1133008 277859740 1913386621 25663197 389003636 12253317 212924515 233 13856 3628353 3611614 971493382 161584541 1817774 29273007 34025452 15656266 1367 12831 114059676 2812 1209451 83434832 1905538678 7255 638773545 103 1355154 214668718 1370431 278814209 11428 2392 5379 231597 384947955 51641312 176969086 6164 1961573161 19138 32908 28 5499 264673 122363515 194501818 396256877 140 103650595 25544434 64729 172762 485746691 29758 1080786 984175 107 281345752 550804 1997290671 544728 1932018462 14572 8436 639067057 190199 3586 972298013 1439 966009231 178766 8414894 51466 11 1234333 20346 981184928 24 42648 1926252838 6675521 29062 47896 598 19253426 119937571 80307 1921451297 263264 1695674 159 196835 110060041 85296 1951699463 2 10998513 8554 665763557 846 15 47168589 25747926 112678268 311324 103042960 46455495 971473 114 8506363 30662029 1473626 824014 1937988147 9 47 115294 6110285 89383 611 399517257 1946655966 1162 22856 4459 65653 20730119 4291321 6116212 88484543 91654275 77929 38 323169082 35329 385135057 133966 972509090 58999 4712 1945018180 94 2418902 14320904 76 12622341 152222 16454 551 25 712019 908887 1648028 25587 5926437 1943722718 92 119264 160264 53 166 805 3227582 2961 281 238528 62625064 391563248 3643 645321104 538767 1969001147 1559 1942073062 36903868 1222057 134 736813 1205107 15037 987 2843 77801 3580226 1942946 5411 27068491 1610 19009946 21746 138929870 17201086 639431103 1990 20 150254237 363247 2119654 20608592 412993 62 213859975 669058 54992565 17 40332569 23418346 802258 278197493 22697 1905346524 59632 215 1672739 1451 35168219 451718 10703371 112953095 28641808 42584903 104 94337178 393872261 9088870 1424038 67151119 540393 459277 133337 10913 383264127 8582642 9225967 5922 245296232 21324 273696361 139047139 75 646338164 66983 6418064 1975479 101717 3082 11212 4683406 68 331 345439 71661 55310635 239875142 220120082 198 8529 489 1965529517 3227071
960
1604 648080716 27378 216587 870882 425788 659155306 483975 130 987307051 45630 3812416 217685497 4153639 2908152 38334983 2876 169 357414 10068 810 699075 62140 1161540 70200 81791775 961043209 52650 6704638 15537437 360 21811140 403910 1961678948 676023 8213400 43020 6318 389772202 498662347 228150 12117300 338 25093151 10858249 1755 19109191 14040 955038653 8958 351 32846 580770 6712 129060 156 147396 975 258120 3871800 111 456300 480340731 585 1678 96 2600 912600 75 28895522 57791044 4056 5807700 155350 838890 1230469 66 627 1211730 24 83889 2796300 11072 1493 490750650 33976643 14340 968820191 111852 142 67953286 251667 27 1963002600 371 128120763 97 723 3900 1959169473 551 18 218111400 16358355 35811517 179057585 1935900 10303273 22815 25812 36 95 10905570 59833451 19354 6760 974430505 10200721 486 621400 335556 21006533 239 102160477 476552 727038 1984746497 193 1179168 1942449714 1914827579 1156 1105607 654231373 1948861010 14 583 327167100 1044219 1613 2181114 1258335 233025 8724456 10530 466050 11437248 27263925 135 213534605 200 50386064 9019996 3510 5529 37284 48383 242346 401 25193032 20273 435441 6985 714828 16423 2390 24300 50700 153339932 35971291 5033340 1290600 3635190 2019550 1026675 63180 223704 29031 74221 265294 38218382 1080 132647 8143959 468 324040358 157950 47845828 4194450 932100 49269 39260052 239333804 648 30941 1215 37162895 6214 17208 5510 410670 1817595 39322 893 9321 238276 486060537 2516670 2859312 180593 54756 1932576493 1969633435 802 1367165 1404 284 1014 28680 9087975 2322352 35850 2903850 160443 13632 108 2076 104 34 7270380 291 33216 136890 162 3227 1741764 32265 18642 16200 294792 216 675689 390 174954147 46244923 559260 29314987 1921910073 315900 56989423 82 7550010 631800 40272 178707 936 81 1451925 51624 8299 3201 77436 53045787 60840 14540760 8304 98538 173373132 54527850 5850 2382457 340351 675 105300 245375325 41221748 36504 3020004 16900 78975 348073 173629955 1434 164 640603815 15038815 44 2535 1960898701 33029 48 4212 291506 650 12636 13086684 884 197076 1855 1906208 430200 643991 11893339 692 4563 130866840 43622280 71700 320227154 405 989321952 25272 12596516 1987355864 80782 7514 42122617 5452785 4039100 119138 47 900 32716710 2272 342225 6058650 25350 26751 2028 10603 8100 210600 1061797 6683231 1914670432 325 3159 2340 9677 1053 3007763 2097225 310700 30200040 65 194886101 96766 1930083119 1690 3356 265 32574747 127 19359 12283 65433420 391 1118520 73698 36849 58062 406 5115931 96795 322650 52 464616 807820 1642680 385 1803651 754907 2704092 780 42013066 993677932 324 152993201 2211214 196300260 957335216 49265716 953552226 1970645294 568 101400 1560 3517490 100772128 496838966 132 1009775 12 4734203 971224857 5975 240249821 3352319 126360 34321403 3 951258163 1090557 393926687 3107 659547968 1243547 1991371177 152100 384362289 7800 381985901 72703800 997324694 4106700 1368900 996709558 53 84245234 215827746 6075 34725991 20280 755001 164886992 38025 76050 7 484692 276887957 15535 192 1677780 53696 11950 901364 36351900 3271671 21510 507 123665244 312 4050 1352046 15028 1902516326 1944 30 6 1938136990 29 6453 107 74568 62447 640636691 703498 203 12906 953104 4644704 213 821340 1938215699 61832622 19630026 578 33416155 372840 1620 8604 4846920 450 36949287 10305437 161325 1038 1352 3757 148211059 98264 16 13366462 1287982 137285612 5034 68642806 18875025 635701484 2013336 21060 719 260 980839474 9 152873528 33 387180 346 13 20136 635 175652057 17681929 3355560 31643 985322647 782 363519 4479 50333400 1912 2358336 26848 4509998 2768 717 12428 3149129 1786 15100020 1977465918 671112 969068495 1102 8628 137291887 290385 6298258 8775 5718624 173 35100 26 426 80544 58077 66832310 270 11700 852 124280 1454076 329773984 6291675 145 15 19661 239611 1910077306 450682 147797148 25579655 182520 11961457 23922914 476776113 289 2868 8424 243 55926 46605 28 1843 57 186420 96527 988732959 64530 45 13424 273780 112463699 478 42120 480499642 40 1006668 6967056 6543342 94 72 304200 15795 6647 1911882883 5677 3408 56275241 7170 76436764 2323080 77675 9208113 221 53775 49075065 46344121 1993419116 304 76669966 94929 589584 51003605 12675 387627398 2 8450 109899 37 9815013 196528 24856 43 201955 6816 20 5972 329577653 319341 608 1907104452 8917 26325 15210 158925371 276024661 2254999 960681462 647483238 91260 68445 241 27868224 960999284 82134 1974614102 98150130 4974188 215100 981501300 16608 18252 9560 163583550 1994649388 654334200 1933052243 274571224 58629974 7020 59569 1924495617 205335 281376205 3378445 18175950 2755 8921 1429656 154872 17827 392600520 151000200 530588 12168 24632858 55 1988911613 59369 653056491 605865 121173 65692 684450 33763081 8078200 86686566 23900 78 3240 8 35 3029325 519 4314 279630 56 11615400 811 234 5736 30916311 33139421 23 73369 139815 120 1510002 161564 25166700 68 498354779 107550 86040 32 60819 323128 2487094 8388900 4302 143400 2714653 640454308 193813699 1136 19840161 161 478667608 4 3380 967950 3448822 1758745 12316429 10140 2966 5265 328536 193590 1391 20610874 90 1944242148 38708 40391 5592600 1438 54 7432579 76 119666902 580588 5308985 1483 2025 2808 419445 4955602 73898574 1978611247 1932172627 4544 41 71 494660976 2517 2621 274583774 66278842 273433 10 20405 10066680 442 1962694119 13934112 2925 702 1937640382 145147 13294 1988531689 180 393056 1350 4225 78520104 2430 27963 190 17916 4780 2053350 22 1941049063 212894 1 2700 116124 1800 1922086418 10755 109512 540 225 48600 4081 845 1195 2151 5536 1161176 31590 1429843 839 160113577 17 167778 600 14447761 5400 482635 3042 58318049 209 113978846 12150 1909929505 290294 2915 46 232308 39 351749 47800 102007210 273546797 461 4152 2157 152 601217 1277364 4680 1521 42706921 9720 145753 164268 64 1864200 30420 1615640 50 75500100 77 20401442 2477801 9126 503334 116154 6084 220107 1921362924 247330488 43343283 1921998568 51963529 16777800 150 101289243 93210 1384 2986 11 774360 6040008 19923469 114075 117 37750050 162020179 3775005 12211 290 786112 3069371 9289408 972 1955486497 25 53481 547560 5070 969384 1950 24234600 17925 1926743767 117139481 323741619 26173368 4860 972121074 103927058 49132 2423460 100 593377 3585 109055700 25799 83253373 317850742 1978643904 161088 36633 4362228 1170 31070 638682 13689 82443496 12583350 520 1921811445 248419483 1397 956 60 300 225341 641498539 676 2106 107913873 3483528 1704 195 1973254499 1724411 2737800 58 106447 177 71942582 9468406 24566 18587959 6613387 1398150 23400 117259948 645300 41067 6897644 490419737 19 17550 59 7605 38718 1992797203 5 33800 1067 38 1300
993
497796014 1936629383 2588827 75048 4028 1215 970708699 183 51 123152 4184234 5337160 11333500 204250 31347458 247623 4601 100220077 61 178665134 22217480 6800 33 487 3127 5554370 23005 8394 834 6476566 5544859 7137 101 1609688 14 1900 1976704073 1712 3200 390377 211 4126 226 76 950601244 119418955 6959 8074589 1979514663 1005691 4705994 86 38000 83681 466531 58 410392 1992236438 2410916 2948883 402422 40850 45334000 995 41421232 477675820 318 2051960 1778 68594 430 976110443 10750 2720 1918908802 417 5897766 660328 2375 71438991 2251 67 143141 256495 1972045 64233 580 122 9643664 2 301005 955351640 981019145 106 817 903015 708 498712722 192999 46594 326800 207640 95535164 914 385746560 29 3400 22385120 102598000 38054704 20067 12054580 311 2432349 8 276581917 1986 19429698 17498692 7160 153224 102125 82541 212648 1980984 313537 45334 9746810 41 4197 298250 2410287 636 86000 1700 127 11892095 2194759 44791 23297 839593 2031308 778 1901202488 177703887 2303 911846 13990700 59460475 83118787 118920950 1720 237841900 16340 21 645324323 2242 115201 222441 602729 8235790 4634 23 2092117 178239 354 2221748 1015654 4988 3922943 243 46480013 20764 368 20521 4484 2378419 125 2929 45 280846 1075 26819 6 199 205196 124120 33811032 2238512 148069762 196203829 11192 303 716 699535 1919603965 16485921 1007 117 30136450 961824338 1360 446426 6027290 7058991 1894 480912169 952688336 12 5965 68 1532240 1213 20519600 190 9202 453340 4443496 1116065 1433 46 5635172 16261939 351 139 97 6588632 6437 47767582 23784190 647461755 40 549 892852 1904507839 32298356 29263 147712871 179 165082 1996168282 475300622 9544 856 368080 249356361 64 1121 1831769 307880 148373289 153940 6689 139444349 12470 113335 5375 30029 500 16905516 7797448 1634 606 51299 2317 92020 1905376672 8600 6174493 160 22667000 272936393 1961515338 1070 1634000 659838221 166237574 15 19558 1416 1909559998 2794 53638 43169 23860 15564599 6101 6951 19108129 551 700061 667145 1397 1119256 662 889 23980065 48734050 1942385265 1790 237650311 4043 27981400 14039 6995350 174068711 19359 1206209 223213 327066583 177218 947 3103 15394 226670 956097469 12508 46010 15371818 13124019 2386 133429 974681000 980757669 1247 566675 26904 4374673 38 61576 121835125 270261 11930 9860225 5666750 59413 228 128 1901789005 1962038290 92960026 1952220886 65932151 3633451 20425 2386000 889764 4477024 1097987 1965922 18762 10031 842538 3497675 495246 559628 9 380547040 817000 81700 475 2041 4821832 487340500 488418184 415280 457 400 428 148294 77 177474626 290385 29825 9066800 59543021 380545985 1953672736 706 2798140 32523878 122104546 1600 3013645 194 95765 1965316474 65886320 14117982 16149178 1949362000 9381 1160 152 118 4772 820784 31030 9976 127681 5499766 19088 1593071 27877 44434960 1647158 3513393 304 906680 15673729 2028943 1965650862 25955 37638696 13072 4 380 46697 15068225 793 10540179 241091600 3580 51910 280807266 272 1133350 1912194938 92717 1597 24109160 976836368 2817586 96436640 2140 823579 2000 800 21500 49 278888698 950 71774 1000 23883791 236 535 101574791 28078 593176 952801502 959454401 974681 1991184056 971243249 475304 57 2798 23812997 48218320 24 1924906906 136 180603 119 170 88609 1942486498 20710616 49880 325360091 6206 651580919 1334290 4948 99760 637944 135 22667 1282475 4299 964366400 20 4533400 6042 533 997425444 3 16 26581 4354993 981199749 712956 954779999 3800 1962184775 6749761 444882 289849 1511 238600 32 10012817 55651 181336 17 643 50 2195974 276740201 472 4103920 1937181407 8749346 100 19287328 30093 7685909 14388039 41528 1397438 103820 1350993 96795 116 8709986 1925147683 1171131 104992152 331 8921 21411 424 717 3363 8452758 276567567 1905603004 5877151 32680 92 42 73039 214316973 106324 982961 9513676 94262603 1568279 19027352 4941 113229818 16471580 215 421269 1929921029 290 680 116442039 60272900 279814 4796013 191530 3585 4750 49457763 853073 6235 2014 1193000 65621 34297 5596 948863 688 1914755821 38306 544 1941900329 329 41407 4464260 2352997 76109408 16788 145 13902 77974480 17857040 148971491 139907 962453453 254 10382 2749883 655216954 6453 533716 8886992 190273520 90087 18819348 107 6671 4222 172 1904181463 287 1813360 221 881 300859 456 17200 4704837 9779 120545800 47 19 34679 24824 10674320 3788 100335 2833375 1962399498 6412375 541809 464 8170 38987240 1237 92189189 31620537 3502579 6254 8056 24940 40148903 35071 1952160546 318972 20025634 32943160 475683800 5177654 16621 2864 212 51299000 13 184 25 215820585 99817 149125 330164 10755 3136558 21922 238172084 810783 383060 80 1949362 76109197 59234629 1935972969 326919223 1941417398 982658237 93602422 664950296 47568380 895 392407658 24367025 41140057 482183200 64333 332475148 3898724 159 2494 1902645557 13177264 8968 8560 306448 38814013 27443 119300 658901 512990 111925600 4280 5191 95440 101898601 6273116 1910703280 56614909 2668580 5495307 43164117 38574656 163400 2971187 356478 1399 238837910 54886 15209 16634577 3440 157 140403633 474961 248240 19493620 10355308 640 3021 201211 12824750 990492 3268 10 5131538 146500603 1205458 850 995592028 266858 6536 237652 804844 35887 97468100 43 113 1425912 55962800 79743 276226097 736 49648 53 408500 76612 9409674 1912032379 7993355 27 296588 2151 320 286282 2150 2232130 1520 19153 2777185 47248327 19000 250 1967296247 184040 1933582679 811 133 139440039 1625427 1910554751 70142 95 803429 933062 95136760 28983587 313141 24168 17190146 1408793 2709045 10961 1272 33576 1920267323 22 65360 1785704 760 405 353 1025980 8127135 2565769 1994850888 650720182 192873280 9896 53162 1110874 953 23143 380357801 1647 74147 4300 278880078 3238283 1928732800 71940195 982825431 507827 38485 450331 4117895 52496076 1919 340 88737313 90668 25649500 33445 34997384 8928520 362672 14320 2474 1267211 140423 4226379 84234 32265 1902735200 82842464 1399070 139782 114 1932395123 73616 1954742757 13600 476400751 34 15594896 39460871 200 119086042 191070328 1 388477053 62060 1926315773 2320 642950919 59650 2134864 85 177 282787809 43000 83056 25016 9500 1981221659 1910473241 244209092 13918 36808 993 74034881 243670250 214 1923648676 425 42117 7697 442 1779528 6167 5129900 18404 66549001 248898007 11192560 11108740 1902729925 61052273 3294316 5 37524 1067432 1432 2564950 25353518 344 129492351 555437 60201 2379 159486 69891 11 653838446 5596280 26248038 118826 46801211 382140656 12412 1193 4085 14556943 596500 2111 59 227 389872400 102598 951367600 392436955 232 81 8595073 154 766120 239 12084 39 281042321 78487391 219117 13452 996118219 9714849 2433 1195 10259800 383920793 3571408 47720 12676759 47234863 389 30788 2743 7 89332567 455923 1598671 1053 26 6726 976080273 698719 860 4873405 476344168 278 12335219 12546232 9100793 1936073419 654133166 202 76970 358 7600 194936200 615760 4975 26763 40960589 394409 2063 998084141 4756838 19952 327608477 477200 1928852757 15515 58077 199634 77149312 2266700 8554627 11270344 357 55754
