10
1 5
1 9
2 10
16 2
10 1
10 6
9 5
2 17
15 6
11 5
11 18
11 13
1 16
6 14
4 17
1 10
25 7
6 5
12 17
2 20
7 4
17 12
5 19
4 1
16 14
1 9
8 17
14 13
2 14
7 17
2 19
3 12
18 20
11 19
20 1
6 6
8 5
20 16
10 13
19 19
11 11
3 6
40 5
13 11
19 16
5 12
17 4
5 15
17 17
13 12
8 18
3 4
20 11
8 20
9 3
19 11
18 10
6 16
11 3
13 7
17 12
2 8
12 15
6 10
19 17
6 9
19 10
18 16
9 4
11 18
6 3
1 19
9 10
19 1
3 15
8 5
8 10
7 7
17 15
12 3
4 12
11 9
20 7
54 5
5 5
8 18
18 2
7 16
2 14
8 15
16 2
5 9
6 9
1 4
8 6
12 11
16 11
20 12
17 10
16 4
17 2
5 13
12 2
19 19
11 13
5 12
9 14
6 6
19 9
8 19
19 5
20 5
16 15
17 15
3 8
9 7
3 14
14 4
7 13
1 16
9 13
6 11
12 18
14 1
10 1
19 10
2 12
20 7
19 14
5 8
17 13
14 18
9 4
15 8
13 17
11 19
11 14
7 4
65 9
28 29
19 23
14 5
25 28
21 4
26 10
26 26
18 23
21 14
16 6
22 13
2 25
23 14
8 21
11 28
20 30
14 13
5 24
10 14
15 4
17 20
23 29
20 16
1 23
9 8
6 1
3 21
26 23
11 13
26 3
26 2
27 28
18 15
30 13
18 9
3 30
28 9
5 25
22 29
26 5
16 7
16 11
29 24
20 10
11 30
23 25
10 5
1 25
29 17
27 29
20 2
5 19
21 18
8 28
30 30
8 8
26 19
1 11
23 10
17 15
8 3
22 28
4 26
1 13
25 13
73 11
8 28
13 8
21 11
7 1
29 15
14 19
29 10
20 28
26 16
25 27
28 19
21 13
2 29
7 13
3 23
2 23
26 21
10 10
17 4
30 1
12 24
6 17
22 12
26 4
6 12
12 20
29 13
3 3
4 9
3 6
28 16
17 7
4 2
28 18
28 6
28 21
17 3
27 3
15 4
23 30
3 25
8 5
4 5
18 14
28 17
16 5
6 11
13 28
15 7
25 15
6 3
28 2
2 11
25 28
3 21
28 30
7 23
29 14
30 7
22 19
3 16
1 22
9 1
22 24
17 2
29 19
24 16
30 4
29 4
17 26
18 26
4 15
13 4
85 10
12 24
29 24
20 10
1 13
28 7
22 18
9 14
32 20
24 31
2 5
23 22
29 29
32 3
31 30
9 7
9 13
6 27
10 35
22 19
23 7
16 22
25 5
29 12
19 11
20 28
21 14
29 11
11 23
10 7
28 33
12 23
28 13
12 16
30 7
7 24
24 34
11 5
7 21
32 22
7 32
31 32
6 4
21 17
1 35
18 2
26 18
1 4
31 11
21 24
5 13
10 33
12 5
1 32
23 16
26 28
7 7
9 33
15 18
5 3
33 6
30 9
5 20
35 15
15 21
4 15
13 28
5 33
20 13
7 3
3 5
3 17
23 18
14 34
10 20
11 33
16 14
15 33
15 31
29 5
8 31
22 26
16 29
30 27
23000 19000
34000 20000
100 20
26 46
24 30
14 5
20 44
49 3
27 46
40 16
3 24
38 31
3 34
15 47
2 13
46 32
23 6
19 8
6 2
28 25
47 12
27 44
47 1
22 31
36 16
8 19
9 20
15 48
20 40
32 1
29 4
39 15
26 22
20 32
14 37
37 16
45 42
16 44
1 12
15 24
15 12
34 9
26 18
19 43
50 30
43 36
41 39
42 27
28 3
18 3
45 22
2 6
21 35
27 34
50 9
11 35
43 25
46 15
19 35
8 1
41 41
50 49
45 41
33 7
39 2
37 3
17 4
43 23
39 4
11 30
11 12
39 39
27 50
29 18
35 30
4 27
35 47
46 35
12 39
10 7
29 7
8 3
20 43
42 5
5 13
36 4
9 27
19 15
23 44
48 13
13 48
2 2
45 9
1 14
50 26
42 29
12 47
46 46
2 5
26 5
46 7
20 45
42 16
